Sample	0	1	2	3	4	5	6	7	8	9	10	11	12	13	14	15	16	17	18	19	20	21	22	23	24	25	26	27	28	29	30	31	32	33	34	35	36	37	38	39	40	41	42	43
sample12835_S50_L001_R1_001	(35, 37.0)	(40, 0.0)	(45, 0.0)	(50, 0.0)	(55, 0.0)	(60, 1.0)	(65, 0.0)	(70, 0.0)	(75, 1.0)	(80, 0.0)	(85, 0.0)	(90, 0.0)	(95, 2.0)	(100, 3.0)	(105, 0.0)	(110, 0.0)	(115, 0.0)	(120, 0.0)	(125, 0.0)	(130, 0.0)	(135, 0.0)	(140, 0.0)	(145, 0.0)	(150, 0.0)	(155, 0.0)	(160, 0.0)	(165, 0.0)	(170, 1.0)	(175, 0.0)	(180, 0.0)	(185, 0.0)	(190, 0.0)	(195, 0.0)	(200, 1.0)	(205, 0.0)	(210, 0.0)	(215, 0.0)	(220, 0.0)	(225, 0.0)	(230, 0.0)	(235, 1.0)	(240, 1.0)	(245, 93.0)	(250, 558.0)
sample12835_S50_L001_R2_001	(35, 38.0)	(40, 0.0)	(45, 0.0)	(50, 0.0)	(55, 0.0)	(60, 1.0)	(65, 0.0)	(70, 0.0)	(75, 0.0)	(80, 0.0)	(85, 0.0)	(90, 0.0)	(95, 3.0)	(100, 3.0)	(105, 0.0)	(110, 0.0)	(115, 0.0)	(120, 0.0)	(125, 0.0)	(130, 1.0)	(135, 0.0)	(140, 0.0)	(145, 0.0)	(150, 0.0)	(155, 0.0)	(160, 0.0)	(165, 0.0)	(170, 1.0)	(175, 0.0)	(180, 0.0)	(185, 0.0)	(190, 0.0)	(195, 0.0)	(200, 1.0)	(205, 0.0)	(210, 0.0)	(215, 0.0)	(220, 0.0)	(225, 0.0)	(230, 0.0)	(235, 1.0)	(240, 1.0)	(245, 118.0)	(250, 531.0)
sample12836_S51_L001_R1_001	(35, 2721.0)	(40, 83.0)	(45, 62.0)	(50, 169.0)	(55, 105.0)	(60, 45.0)	(65, 67.0)	(70, 20.0)	(75, 13.0)	(80, 190.0)	(85, 16.0)	(90, 17.0)	(95, 28.0)	(100, 7651.0)	(105, 72.0)	(110, 137.0)	(115, 31.0)	(120, 194.0)	(125, 132.0)	(130, 39.0)	(135, 106.0)	(140, 293.0)	(145, 30.0)	(150, 13.0)	(155, 347.0)	(160, 24.0)	(165, 215.0)	(170, 18.0)	(175, 494.0)	(180, 733.0)	(185, 28.0)	(190, 55.0)	(195, 45.0)	(200, 5.0)	(205, 12.0)	(210, 2.0)	(215, 10.0)	(220, 3.0)	(225, 16.0)	(230, 14.0)	(235, 499.0)	(240, 59.0)	(245, 2373.0)	(250, 22513.0)
sample12836_S51_L001_R2_001	(35, 2727.0)	(40, 80.0)	(45, 60.0)	(50, 169.0)	(55, 108.0)	(60, 45.0)	(65, 66.0)	(70, 19.0)	(75, 13.0)	(80, 190.0)	(85, 16.0)	(90, 18.0)	(95, 29.0)	(100, 7611.0)	(105, 71.0)	(110, 133.0)	(115, 29.0)	(120, 190.0)	(125, 132.0)	(130, 40.0)	(135, 104.0)	(140, 286.0)	(145, 31.0)	(150, 13.0)	(155, 345.0)	(160, 23.0)	(165, 216.0)	(170, 17.0)	(175, 479.0)	(180, 707.0)	(185, 29.0)	(190, 48.0)	(195, 41.0)	(200, 5.0)	(205, 11.0)	(210, 2.0)	(215, 9.0)	(220, 4.0)	(225, 17.0)	(230, 12.0)	(235, 443.0)	(240, 55.0)	(245, 19051.0)	(250, 6005.0)
sample12837_S52_L001_R1_001	(35, 10.0)	(40, 0.0)	(45, 0.0)	(50, 0.0)	(55, 0.0)	(60, 1.0)	(65, 0.0)	(70, 0.0)	(75, 3.0)	(80, 0.0)	(85, 2.0)	(90, 1.0)	(95, 278.0)	(100, 1.0)	(105, 0.0)	(110, 0.0)	(115, 1.0)	(120, 0.0)	(125, 0.0)	(130, 3.0)	(135, 3.0)	(140, 1.0)	(145, 1.0)	(150, 0.0)	(155, 2.0)	(160, 1.0)	(165, 1.0)	(170, 0.0)	(175, 8.0)	(180, 6.0)	(185, 0.0)	(190, 0.0)	(195, 0.0)	(200, 0.0)	(205, 0.0)	(210, 0.0)	(215, 0.0)	(220, 0.0)	(225, 0.0)	(230, 15.0)	(235, 0.0)	(240, 0.0)	(245, 2248.0)	(250, 44643.0)
sample12837_S52_L001_R2_001	(35, 10.0)	(40, 1.0)	(45, 0.0)	(50, 0.0)	(55, 0.0)	(60, 1.0)	(65, 0.0)	(70, 0.0)	(75, 3.0)	(80, 0.0)	(85, 2.0)	(90, 1.0)	(95, 279.0)	(100, 1.0)	(105, 0.0)	(110, 0.0)	(115, 1.0)	(120, 2.0)	(125, 0.0)	(130, 2.0)	(135, 4.0)	(140, 1.0)	(145, 1.0)	(150, 0.0)	(155, 2.0)	(160, 1.0)	(165, 1.0)	(170, 0.0)	(175, 8.0)	(180, 6.0)	(185, 0.0)	(190, 0.0)	(195, 0.0)	(200, 0.0)	(205, 0.0)	(210, 0.0)	(215, 0.0)	(220, 1.0)	(225, 0.0)	(230, 12.0)	(235, 1.0)	(240, 0.0)	(245, 298.0)	(250, 46590.0)
sample12838_S53_L001_R1_001	(35, 25.0)	(40, 0.0)	(45, 2.0)	(50, 1.0)	(55, 1.0)	(60, 3.0)	(65, 1.0)	(70, 1.0)	(75, 24.0)	(80, 0.0)	(85, 1.0)	(90, 1.0)	(95, 1287.0)	(100, 1.0)	(105, 0.0)	(110, 0.0)	(115, 1.0)	(120, 4.0)	(125, 1.0)	(130, 3.0)	(135, 56.0)	(140, 1.0)	(145, 1.0)	(150, 8.0)	(155, 0.0)	(160, 23.0)	(165, 2.0)	(170, 25.0)	(175, 52.0)	(180, 0.0)	(185, 0.0)	(190, 0.0)	(195, 0.0)	(200, 0.0)	(205, 0.0)	(210, 0.0)	(215, 1.0)	(220, 1.0)	(225, 1.0)	(230, 23.0)	(235, 0.0)	(240, 0.0)	(245, 269.0)	(250, 9654.0)
sample12838_S53_L001_R2_001	(35, 22.0)	(40, 0.0)	(45, 2.0)	(50, 1.0)	(55, 1.0)	(60, 2.0)	(65, 0.0)	(70, 1.0)	(75, 22.0)	(80, 0.0)	(85, 1.0)	(90, 1.0)	(95, 1253.0)	(100, 0.0)	(105, 0.0)	(110, 0.0)	(115, 1.0)	(120, 4.0)	(125, 1.0)	(130, 3.0)	(135, 52.0)	(140, 2.0)	(145, 1.0)	(150, 7.0)	(155, 0.0)	(160, 23.0)	(165, 1.0)	(170, 23.0)	(175, 46.0)	(180, 1.0)	(185, 0.0)	(190, 0.0)	(195, 0.0)	(200, 0.0)	(205, 0.0)	(210, 0.0)	(215, 1.0)	(220, 0.0)	(225, 1.0)	(230, 16.0)	(235, 0.0)	(240, 1.0)	(245, 163.0)	(250, 9821.0)
sample12839_S54_L001_R1_001	(35, 968.0)	(40, 5.0)	(45, 23.0)	(50, 1.0)	(55, 4.0)	(60, 0.0)	(65, 0.0)	(70, 6.0)	(75, 21.0)	(80, 3.0)	(85, 7.0)	(90, 12.0)	(95, 2037.0)	(100, 27.0)	(105, 9.0)	(110, 7.0)	(115, 18.0)	(120, 16.0)	(125, 6.0)	(130, 26.0)	(135, 113.0)	(140, 6.0)	(145, 7.0)	(150, 28.0)	(155, 10.0)	(160, 51.0)	(165, 10.0)	(170, 99.0)	(175, 181.0)	(180, 2.0)	(185, 3.0)	(190, 6.0)	(195, 4.0)	(200, 3.0)	(205, 1.0)	(210, 4.0)	(215, 3.0)	(220, 0.0)	(225, 4.0)	(230, 156.0)	(235, 11.0)	(240, 1.0)	(245, 1128.0)	(250, 30667.0)
sample12839_S54_L001_R2_001	(35, 982.0)	(40, 5.0)	(45, 22.0)	(50, 1.0)	(55, 4.0)	(60, 0.0)	(65, 0.0)	(70, 6.0)	(75, 16.0)	(80, 3.0)	(85, 7.0)	(90, 12.0)	(95, 2049.0)	(100, 30.0)	(105, 10.0)	(110, 7.0)	(115, 19.0)	(120, 15.0)	(125, 6.0)	(130, 26.0)	(135, 111.0)	(140, 6.0)	(145, 7.0)	(150, 30.0)	(155, 11.0)	(160, 51.0)	(165, 10.0)	(170, 99.0)	(175, 189.0)	(180, 2.0)	(185, 3.0)	(190, 6.0)	(195, 4.0)	(200, 3.0)	(205, 1.0)	(210, 4.0)	(215, 3.0)	(220, 0.0)	(225, 4.0)	(230, 137.0)	(235, 10.0)	(240, 0.0)	(245, 342.0)	(250, 31441.0)
sample12840_S55_L001_R1_001	(35, 69236.0)	(40, 60.0)	(45, 59.0)	(50, 31.0)	(55, 77.0)	(60, 3.0)	(65, 27.0)	(70, 22.0)	(75, 10.0)	(80, 3.0)	(85, 0.0)	(90, 5.0)	(95, 135.0)	(100, 10.0)	(105, 2.0)	(110, 3.0)	(115, 290.0)	(120, 0.0)	(125, 0.0)	(130, 1.0)	(135, 2.0)	(140, 0.0)	(145, 0.0)	(150, 11.0)	(155, 6.0)	(160, 4.0)	(165, 0.0)	(170, 11.0)	(175, 4.0)	(180, 38.0)	(185, 0.0)	(190, 0.0)	(195, 1.0)	(200, 0.0)	(205, 0.0)	(210, 1.0)	(215, 0.0)	(220, 1.0)	(225, 0.0)	(230, 20.0)	(235, 2.0)	(240, 1.0)	(245, 3029.0)	(250, 34529.0)
sample12840_S55_L001_R2_001	(35, 69655.0)	(40, 61.0)	(45, 59.0)	(50, 30.0)	(55, 77.0)	(60, 3.0)	(65, 30.0)	(70, 21.0)	(75, 7.0)	(80, 0.0)	(85, 0.0)	(90, 3.0)	(95, 130.0)	(100, 15.0)	(105, 2.0)	(110, 3.0)	(115, 285.0)	(120, 2.0)	(125, 1.0)	(130, 2.0)	(135, 3.0)	(140, 0.0)	(145, 1.0)	(150, 11.0)	(155, 8.0)	(160, 4.0)	(165, 0.0)	(170, 11.0)	(175, 3.0)	(180, 33.0)	(185, 0.0)	(190, 0.0)	(195, 2.0)	(200, 0.0)	(205, 0.0)	(210, 1.0)	(215, 0.0)	(220, 1.0)	(225, 0.0)	(230, 16.0)	(235, 2.0)	(240, 1.0)	(245, 3711.0)	(250, 33440.0)
sample12841_S56_L001_R1_001	(35, 4926.0)	(40, 46.0)	(45, 12.0)	(50, 27.0)	(55, 18.0)	(60, 9.0)	(65, 17.0)	(70, 7.0)	(75, 4.0)	(80, 0.0)	(85, 3.0)	(90, 12.0)	(95, 312.0)	(100, 4.0)	(105, 2.0)	(110, 2.0)	(115, 11.0)	(120, 1.0)	(125, 1.0)	(130, 10.0)	(135, 60.0)	(140, 62.0)	(145, 1.0)	(150, 39.0)	(155, 20.0)	(160, 3.0)	(165, 64.0)	(170, 3.0)	(175, 114.0)	(180, 0.0)	(185, 0.0)	(190, 2.0)	(195, 1.0)	(200, 2.0)	(205, 2.0)	(210, 9.0)	(215, 0.0)	(220, 4.0)	(225, 59.0)	(230, 65.0)	(235, 0.0)	(240, 1.0)	(245, 1252.0)	(250, 61508.0)
sample12841_S56_L001_R2_001	(35, 4834.0)	(40, 45.0)	(45, 13.0)	(50, 31.0)	(55, 16.0)	(60, 4.0)	(65, 7.0)	(70, 2.0)	(75, 2.0)	(80, 0.0)	(85, 3.0)	(90, 12.0)	(95, 312.0)	(100, 7.0)	(105, 2.0)	(110, 2.0)	(115, 11.0)	(120, 3.0)	(125, 2.0)	(130, 11.0)	(135, 62.0)	(140, 60.0)	(145, 1.0)	(150, 39.0)	(155, 20.0)	(160, 3.0)	(165, 63.0)	(170, 3.0)	(175, 107.0)	(180, 0.0)	(185, 1.0)	(190, 2.0)	(195, 1.0)	(200, 4.0)	(205, 2.0)	(210, 9.0)	(215, 1.0)	(220, 4.0)	(225, 50.0)	(230, 55.0)	(235, 0.0)	(240, 1.0)	(245, 468.0)	(250, 62420.0)
sample12842_S57_L001_R1_001	(35, 17256.0)	(40, 22.0)	(45, 84.0)	(50, 53.0)	(55, 52.0)	(60, 33.0)	(65, 33.0)	(70, 22.0)	(75, 11.0)	(80, 5.0)	(85, 5.0)	(90, 8.0)	(95, 1236.0)	(100, 14.0)	(105, 5.0)	(110, 8.0)	(115, 69.0)	(120, 13.0)	(125, 18.0)	(130, 58.0)	(135, 237.0)	(140, 1.0)	(145, 3.0)	(150, 318.0)	(155, 42.0)	(160, 1.0)	(165, 50.0)	(170, 66.0)	(175, 218.0)	(180, 14.0)	(185, 0.0)	(190, 72.0)	(195, 6.0)	(200, 51.0)	(205, 24.0)	(210, 0.0)	(215, 1.0)	(220, 29.0)	(225, 3.0)	(230, 172.0)	(235, 34.0)	(240, 6.0)	(245, 3206.0)	(250, 63201.0)
sample12842_S57_L001_R2_001	(35, 16909.0)	(40, 23.0)	(45, 81.0)	(50, 53.0)	(55, 49.0)	(60, 26.0)	(65, 5.0)	(70, 7.0)	(75, 12.0)	(80, 3.0)	(85, 1.0)	(90, 5.0)	(95, 1221.0)	(100, 15.0)	(105, 4.0)	(110, 8.0)	(115, 72.0)	(120, 15.0)	(125, 19.0)	(130, 53.0)	(135, 236.0)	(140, 0.0)	(145, 3.0)	(150, 316.0)	(155, 41.0)	(160, 1.0)	(165, 48.0)	(170, 65.0)	(175, 203.0)	(180, 14.0)	(185, 0.0)	(190, 66.0)	(195, 5.0)	(200, 47.0)	(205, 21.0)	(210, 0.0)	(215, 1.0)	(220, 20.0)	(225, 3.0)	(230, 147.0)	(235, 31.0)	(240, 6.0)	(245, 817.0)	(250, 66088.0)
sample12843_S58_L001_R1_001	(35, 8688.0)	(40, 7.0)	(45, 34.0)	(50, 19.0)	(55, 23.0)	(60, 9.0)	(65, 21.0)	(70, 11.0)	(75, 4.0)	(80, 2.0)	(85, 5.0)	(90, 4.0)	(95, 452.0)	(100, 3.0)	(105, 2.0)	(110, 5.0)	(115, 5.0)	(120, 3.0)	(125, 7.0)	(130, 6.0)	(135, 52.0)	(140, 14.0)	(145, 14.0)	(150, 68.0)	(155, 2.0)	(160, 9.0)	(165, 9.0)	(170, 19.0)	(175, 77.0)	(180, 8.0)	(185, 4.0)	(190, 2.0)	(195, 2.0)	(200, 2.0)	(205, 2.0)	(210, 1.0)	(215, 1.0)	(220, 5.0)	(225, 10.0)	(230, 42.0)	(235, 2.0)	(240, 0.0)	(245, 1600.0)	(250, 40024.0)
sample12843_S58_L001_R2_001	(35, 8445.0)	(40, 7.0)	(45, 35.0)	(50, 19.0)	(55, 24.0)	(60, 5.0)	(65, 9.0)	(70, 3.0)	(75, 4.0)	(80, 2.0)	(85, 5.0)	(90, 4.0)	(95, 442.0)	(100, 3.0)	(105, 2.0)	(110, 4.0)	(115, 6.0)	(120, 3.0)	(125, 10.0)	(130, 7.0)	(135, 49.0)	(140, 14.0)	(145, 14.0)	(150, 68.0)	(155, 0.0)	(160, 9.0)	(165, 8.0)	(170, 20.0)	(175, 74.0)	(180, 9.0)	(185, 3.0)	(190, 2.0)	(195, 2.0)	(200, 4.0)	(205, 2.0)	(210, 1.0)	(215, 1.0)	(220, 4.0)	(225, 6.0)	(230, 31.0)	(235, 2.0)	(240, 0.0)	(245, 470.0)	(250, 41447.0)
sample12844_S59_L001_R1_001	(35, 9419.0)	(40, 4.0)	(45, 16.0)	(50, 18.0)	(55, 41.0)	(60, 10.0)	(65, 22.0)	(70, 34.0)	(75, 3.0)	(80, 2.0)	(85, 1.0)	(90, 3.0)	(95, 198.0)	(100, 1.0)	(105, 2.0)	(110, 1.0)	(115, 1.0)	(120, 2.0)	(125, 1.0)	(130, 0.0)	(135, 26.0)	(140, 0.0)	(145, 0.0)	(150, 28.0)	(155, 2.0)	(160, 6.0)	(165, 1.0)	(170, 16.0)	(175, 27.0)	(180, 1.0)	(185, 6.0)	(190, 5.0)	(195, 1.0)	(200, 1.0)	(205, 7.0)	(210, 1.0)	(215, 0.0)	(220, 1.0)	(225, 2.0)	(230, 15.0)	(235, 3.0)	(240, 7.0)	(245, 1490.0)	(250, 54712.0)
sample12844_S59_L001_R2_001	(35, 9069.0)	(40, 4.0)	(45, 17.0)	(50, 21.0)	(55, 40.0)	(60, 6.0)	(65, 15.0)	(70, 31.0)	(75, 3.0)	(80, 1.0)	(85, 1.0)	(90, 1.0)	(95, 193.0)	(100, 1.0)	(105, 1.0)	(110, 1.0)	(115, 1.0)	(120, 3.0)	(125, 2.0)	(130, 0.0)	(135, 28.0)	(140, 0.0)	(145, 0.0)	(150, 29.0)	(155, 2.0)	(160, 5.0)	(165, 1.0)	(170, 16.0)	(175, 27.0)	(180, 1.0)	(185, 5.0)	(190, 4.0)	(195, 1.0)	(200, 1.0)	(205, 6.0)	(210, 0.0)	(215, 0.0)	(220, 1.0)	(225, 3.0)	(230, 8.0)	(235, 3.0)	(240, 5.0)	(245, 3374.0)	(250, 53206.0)
sample12973_S188_L001_R1_001	(35, 3.0)	(40, 50.0)	(45, 3.0)	(50, 9.0)	(55, 45.0)	(60, 4.0)	(65, 0.0)	(70, 1.0)	(75, 0.0)	(80, 0.0)	(85, 0.0)	(90, 0.0)	(95, 1.0)	(100, 0.0)	(105, 0.0)	(110, 1.0)	(115, 0.0)	(120, 0.0)	(125, 0.0)	(130, 0.0)	(135, 0.0)	(140, 0.0)	(145, 0.0)	(150, 0.0)	(155, 1.0)	(160, 0.0)	(165, 0.0)	(170, 0.0)	(175, 0.0)	(180, 0.0)	(185, 0.0)	(190, 0.0)	(195, 0.0)	(200, 0.0)	(205, 0.0)	(210, 0.0)	(215, 0.0)	(220, 0.0)	(225, 0.0)	(230, 0.0)	(235, 0.0)	(240, 0.0)	(245, 79.0)	(250, 529.0)
sample12973_S188_L001_R2_001	(35, 1.0)	(40, 49.0)	(45, 3.0)	(50, 8.0)	(55, 45.0)	(60, 4.0)	(65, 0.0)	(70, 1.0)	(75, 0.0)	(80, 0.0)	(85, 0.0)	(90, 0.0)	(95, 1.0)	(100, 0.0)	(105, 0.0)	(110, 1.0)	(115, 0.0)	(120, 0.0)	(125, 0.0)	(130, 0.0)	(135, 0.0)	(140, 0.0)	(145, 0.0)	(150, 0.0)	(155, 0.0)	(160, 0.0)	(165, 0.0)	(170, 0.0)	(175, 0.0)	(180, 0.0)	(185, 0.0)	(190, 0.0)	(195, 0.0)	(200, 0.0)	(205, 0.0)	(210, 0.0)	(215, 0.0)	(220, 0.0)	(225, 0.0)	(230, 0.0)	(235, 0.0)	(240, 0.0)	(245, 129.0)	(250, 484.0)
sample12974_S189_L001_R1_001	(35, 2.0)	(40, 2.0)	(45, 11.0)	(50, 0.0)	(55, 0.0)	(60, 0.0)	(65, 0.0)	(70, 0.0)	(75, 2.0)	(80, 0.0)	(85, 0.0)	(90, 0.0)	(95, 1.0)	(100, 0.0)	(105, 1.0)	(110, 0.0)	(115, 0.0)	(120, 0.0)	(125, 0.0)	(130, 0.0)	(135, 0.0)	(140, 0.0)	(145, 0.0)	(150, 0.0)	(155, 0.0)	(160, 0.0)	(165, 0.0)	(170, 0.0)	(175, 0.0)	(180, 0.0)	(185, 0.0)	(190, 0.0)	(195, 0.0)	(200, 0.0)	(205, 0.0)	(210, 0.0)	(215, 0.0)	(220, 0.0)	(225, 0.0)	(230, 0.0)	(235, 0.0)	(240, 0.0)	(245, 108.0)	(250, 796.0)
sample12974_S189_L001_R2_001	(35, 2.0)	(40, 2.0)	(45, 11.0)	(50, 0.0)	(55, 0.0)	(60, 0.0)	(65, 0.0)	(70, 0.0)	(75, 0.0)	(80, 0.0)	(85, 0.0)	(90, 0.0)	(95, 1.0)	(100, 0.0)	(105, 0.0)	(110, 0.0)	(115, 0.0)	(120, 0.0)	(125, 0.0)	(130, 0.0)	(135, 0.0)	(140, 0.0)	(145, 0.0)	(150, 0.0)	(155, 0.0)	(160, 0.0)	(165, 0.0)	(170, 0.0)	(175, 0.0)	(180, 0.0)	(185, 0.0)	(190, 0.0)	(195, 0.0)	(200, 0.0)	(205, 0.0)	(210, 0.0)	(215, 0.0)	(220, 0.0)	(225, 0.0)	(230, 0.0)	(235, 0.0)	(240, 0.0)	(245, 158.0)	(250, 749.0)
sample12975_S190_L001_R1_001	(40, 2.0)	(45, 1.0)	(50, 1.0)	(55, 0.0)	(60, 0.0)	(65, 1.0)	(70, 0.0)	(75, 0.0)	(80, 0.0)	(85, 0.0)	(90, 0.0)	(95, 0.0)	(100, 0.0)	(105, 0.0)	(110, 0.0)	(115, 0.0)	(120, 0.0)	(125, 0.0)	(130, 0.0)	(135, 0.0)	(140, 0.0)	(145, 0.0)	(150, 0.0)	(155, 0.0)	(160, 0.0)	(165, 0.0)	(170, 0.0)	(175, 0.0)	(180, 0.0)	(185, 0.0)	(190, 0.0)	(195, 0.0)	(200, 0.0)	(205, 0.0)	(210, 0.0)	(215, 0.0)	(220, 0.0)	(225, 0.0)	(230, 0.0)	(235, 0.0)	(240, 0.0)	(245, 74.0)	(250, 1268.0)	
sample12975_S190_L001_R2_001	(40, 2.0)	(45, 1.0)	(50, 1.0)	(55, 0.0)	(60, 0.0)	(65, 1.0)	(70, 0.0)	(75, 0.0)	(80, 0.0)	(85, 0.0)	(90, 0.0)	(95, 0.0)	(100, 0.0)	(105, 0.0)	(110, 0.0)	(115, 0.0)	(120, 0.0)	(125, 0.0)	(130, 0.0)	(135, 0.0)	(140, 0.0)	(145, 0.0)	(150, 0.0)	(155, 0.0)	(160, 0.0)	(165, 0.0)	(170, 0.0)	(175, 0.0)	(180, 0.0)	(185, 0.0)	(190, 0.0)	(195, 0.0)	(200, 0.0)	(205, 0.0)	(210, 0.0)	(215, 0.0)	(220, 0.0)	(225, 0.0)	(230, 0.0)	(235, 0.0)	(240, 0.0)	(245, 947.0)	(250, 395.0)	
sample13079_S41_L001_R1_001	(35, 4261.0)	(40, 1.0)	(45, 0.0)	(50, 0.0)	(55, 1.0)	(60, 1.0)	(65, 1.0)	(70, 1.0)	(75, 1.0)	(80, 0.0)	(85, 1.0)	(90, 0.0)	(95, 0.0)	(100, 1.0)	(105, 0.0)	(110, 0.0)	(115, 0.0)	(120, 0.0)	(125, 0.0)	(130, 0.0)	(135, 1.0)	(140, 0.0)	(145, 0.0)	(150, 2.0)	(155, 0.0)	(160, 0.0)	(165, 0.0)	(170, 1.0)	(175, 2.0)	(180, 0.0)	(185, 0.0)	(190, 6.0)	(195, 0.0)	(200, 1.0)	(205, 1.0)	(210, 0.0)	(215, 0.0)	(220, 0.0)	(225, 0.0)	(230, 0.0)	(235, 4.0)	(240, 0.0)	(245, 110885.0)	(250, 17031.0)
sample13079_S41_L001_R2_001	(35, 4087.0)	(40, 0.0)	(45, 0.0)	(50, 0.0)	(55, 1.0)	(60, 2.0)	(65, 1.0)	(70, 1.0)	(75, 1.0)	(80, 0.0)	(85, 1.0)	(90, 0.0)	(95, 0.0)	(100, 3.0)	(105, 0.0)	(110, 0.0)	(115, 0.0)	(120, 0.0)	(125, 0.0)	(130, 0.0)	(135, 1.0)	(140, 0.0)	(145, 0.0)	(150, 1.0)	(155, 0.0)	(160, 0.0)	(165, 0.0)	(170, 2.0)	(175, 1.0)	(180, 0.0)	(185, 0.0)	(190, 6.0)	(195, 0.0)	(200, 1.0)	(205, 1.0)	(210, 1.0)	(215, 2.0)	(220, 1.0)	(225, 2.0)	(230, 1.0)	(235, 4.0)	(240, 0.0)	(245, 115316.0)	(250, 12766.0)
sample13080_S42_L001_R1_001	(35, 9604.0)	(40, 4.0)	(45, 1.0)	(50, 2.0)	(55, 4.0)	(60, 2.0)	(65, 0.0)	(70, 0.0)	(75, 0.0)	(80, 0.0)	(85, 0.0)	(90, 0.0)	(95, 0.0)	(100, 3.0)	(105, 0.0)	(110, 0.0)	(115, 0.0)	(120, 2.0)	(125, 2.0)	(130, 0.0)	(135, 1.0)	(140, 0.0)	(145, 1.0)	(150, 0.0)	(155, 0.0)	(160, 0.0)	(165, 1.0)	(170, 0.0)	(175, 4.0)	(180, 0.0)	(185, 0.0)	(190, 7.0)	(195, 0.0)	(200, 0.0)	(205, 0.0)	(210, 0.0)	(215, 0.0)	(220, 0.0)	(225, 0.0)	(230, 0.0)	(235, 5.0)	(240, 0.0)	(245, 153903.0)	(250, 22092.0)
sample13080_S42_L001_R2_001	(35, 9527.0)	(40, 4.0)	(45, 1.0)	(50, 2.0)	(55, 4.0)	(60, 2.0)	(65, 0.0)	(70, 0.0)	(75, 0.0)	(80, 0.0)	(85, 0.0)	(90, 0.0)	(95, 0.0)	(100, 3.0)	(105, 0.0)	(110, 0.0)	(115, 0.0)	(120, 3.0)	(125, 2.0)	(130, 0.0)	(135, 1.0)	(140, 0.0)	(145, 1.0)	(150, 1.0)	(155, 0.0)	(160, 0.0)	(165, 1.0)	(170, 0.0)	(175, 5.0)	(180, 0.0)	(185, 0.0)	(190, 7.0)	(195, 1.0)	(200, 2.0)	(205, 2.0)	(210, 2.0)	(215, 2.0)	(220, 3.0)	(225, 5.0)	(230, 3.0)	(235, 5.0)	(240, 0.0)	(245, 118482.0)	(250, 57567.0)
sample13081_S43_L001_R1_001	(35, 1242.0)	(40, 2.0)	(45, 1.0)	(50, 0.0)	(55, 2.0)	(60, 2.0)	(65, 0.0)	(70, 0.0)	(75, 0.0)	(80, 0.0)	(85, 2.0)	(90, 0.0)	(95, 0.0)	(100, 1.0)	(105, 0.0)	(110, 0.0)	(115, 0.0)	(120, 0.0)	(125, 0.0)	(130, 0.0)	(135, 0.0)	(140, 0.0)	(145, 0.0)	(150, 0.0)	(155, 2.0)	(160, 0.0)	(165, 0.0)	(170, 0.0)	(175, 1.0)	(180, 0.0)	(185, 0.0)	(190, 11.0)	(195, 0.0)	(200, 0.0)	(205, 0.0)	(210, 1.0)	(215, 0.0)	(220, 0.0)	(225, 2.0)	(230, 0.0)	(235, 9.0)	(240, 0.0)	(245, 92983.0)	(250, 12973.0)
sample13081_S43_L001_R2_001	(35, 1248.0)	(40, 2.0)	(45, 1.0)	(50, 0.0)	(55, 2.0)	(60, 2.0)	(65, 0.0)	(70, 0.0)	(75, 0.0)	(80, 0.0)	(85, 2.0)	(90, 0.0)	(95, 0.0)	(100, 1.0)	(105, 0.0)	(110, 0.0)	(115, 0.0)	(120, 0.0)	(125, 0.0)	(130, 0.0)	(135, 0.0)	(140, 0.0)	(145, 0.0)	(150, 0.0)	(155, 2.0)	(160, 0.0)	(165, 0.0)	(170, 0.0)	(175, 1.0)	(180, 0.0)	(185, 0.0)	(190, 12.0)	(195, 0.0)	(200, 1.0)	(205, 2.0)	(210, 2.0)	(215, 3.0)	(220, 2.0)	(225, 4.0)	(230, 1.0)	(235, 9.0)	(240, 0.0)	(245, 16661.0)	(250, 89276.0)
sample13082_S44_L001_R1_001	(35, 813.0)	(40, 0.0)	(45, 1.0)	(50, 0.0)	(55, 0.0)	(60, 0.0)	(65, 0.0)	(70, 0.0)	(75, 0.0)	(80, 0.0)	(85, 0.0)	(90, 0.0)	(95, 0.0)	(100, 1.0)	(105, 0.0)	(110, 0.0)	(115, 0.0)	(120, 0.0)	(125, 0.0)	(130, 0.0)	(135, 0.0)	(140, 0.0)	(145, 0.0)	(150, 0.0)	(155, 0.0)	(160, 1.0)	(165, 0.0)	(170, 0.0)	(175, 0.0)	(180, 0.0)	(185, 0.0)	(190, 12.0)	(195, 3.0)	(200, 0.0)	(205, 0.0)	(210, 0.0)	(215, 0.0)	(220, 0.0)	(225, 0.0)	(230, 0.0)	(235, 2.0)	(240, 15.0)	(245, 103857.0)	(250, 15846.0)
sample13082_S44_L001_R2_001	(35, 811.0)	(40, 0.0)	(45, 1.0)	(50, 1.0)	(55, 0.0)	(60, 0.0)	(65, 0.0)	(70, 0.0)	(75, 0.0)	(80, 0.0)	(85, 0.0)	(90, 1.0)	(95, 0.0)	(100, 1.0)	(105, 0.0)	(110, 0.0)	(115, 0.0)	(120, 0.0)	(125, 0.0)	(130, 0.0)	(135, 0.0)	(140, 0.0)	(145, 0.0)	(150, 0.0)	(155, 1.0)	(160, 1.0)	(165, 1.0)	(170, 0.0)	(175, 0.0)	(180, 0.0)	(185, 0.0)	(190, 13.0)	(195, 3.0)	(200, 0.0)	(205, 1.0)	(210, 1.0)	(215, 1.0)	(220, 2.0)	(225, 0.0)	(230, 0.0)	(235, 2.0)	(240, 14.0)	(245, 103258.0)	(250, 16438.0)
sample13083_S45_L001_R1_001	(35, 530.0)	(40, 0.0)	(45, 0.0)	(50, 0.0)	(55, 0.0)	(60, 0.0)	(65, 0.0)	(70, 2.0)	(75, 0.0)	(80, 0.0)	(85, 0.0)	(90, 0.0)	(95, 2.0)	(100, 1.0)	(105, 0.0)	(110, 0.0)	(115, 1.0)	(120, 0.0)	(125, 0.0)	(130, 0.0)	(135, 0.0)	(140, 0.0)	(145, 0.0)	(150, 0.0)	(155, 0.0)	(160, 1.0)	(165, 0.0)	(170, 1.0)	(175, 1.0)	(180, 2.0)	(185, 0.0)	(190, 1.0)	(195, 0.0)	(200, 0.0)	(205, 1.0)	(210, 0.0)	(215, 0.0)	(220, 0.0)	(225, 1.0)	(230, 2.0)	(235, 0.0)	(240, 2.0)	(245, 128551.0)	(250, 16483.0)
sample13083_S45_L001_R2_001	(35, 521.0)	(40, 0.0)	(45, 0.0)	(50, 0.0)	(55, 0.0)	(60, 0.0)	(65, 0.0)	(70, 1.0)	(75, 0.0)	(80, 0.0)	(85, 0.0)	(90, 0.0)	(95, 2.0)	(100, 1.0)	(105, 0.0)	(110, 0.0)	(115, 0.0)	(120, 0.0)	(125, 0.0)	(130, 0.0)	(135, 0.0)	(140, 0.0)	(145, 0.0)	(150, 0.0)	(155, 0.0)	(160, 1.0)	(165, 0.0)	(170, 1.0)	(175, 1.0)	(180, 2.0)	(185, 0.0)	(190, 1.0)	(195, 0.0)	(200, 0.0)	(205, 2.0)	(210, 2.0)	(215, 1.0)	(220, 0.0)	(225, 9.0)	(230, 2.0)	(235, 0.0)	(240, 2.0)	(245, 1110.0)	(250, 143923.0)
sample13084_S46_L001_R1_001	(35, 861.0)	(40, 0.0)	(45, 0.0)	(50, 0.0)	(55, 0.0)	(60, 1.0)	(65, 0.0)	(70, 0.0)	(75, 1.0)	(80, 2.0)	(85, 0.0)	(90, 0.0)	(95, 6.0)	(100, 3.0)	(105, 1.0)	(110, 0.0)	(115, 0.0)	(120, 1.0)	(125, 0.0)	(130, 1.0)	(135, 2.0)	(140, 0.0)	(145, 0.0)	(150, 0.0)	(155, 0.0)	(160, 0.0)	(165, 0.0)	(170, 1.0)	(175, 0.0)	(180, 0.0)	(185, 31.0)	(190, 0.0)	(195, 0.0)	(200, 1.0)	(205, 0.0)	(210, 2.0)	(215, 0.0)	(220, 0.0)	(225, 0.0)	(230, 7.0)	(235, 0.0)	(240, 1.0)	(245, 115229.0)	(250, 18146.0)
sample13084_S46_L001_R2_001	(35, 852.0)	(40, 0.0)	(45, 0.0)	(50, 0.0)	(55, 0.0)	(60, 1.0)	(65, 0.0)	(70, 0.0)	(75, 1.0)	(80, 2.0)	(85, 0.0)	(90, 0.0)	(95, 6.0)	(100, 3.0)	(105, 1.0)	(110, 0.0)	(115, 0.0)	(120, 1.0)	(125, 0.0)	(130, 1.0)	(135, 2.0)	(140, 0.0)	(145, 0.0)	(150, 0.0)	(155, 0.0)	(160, 0.0)	(165, 0.0)	(170, 1.0)	(175, 0.0)	(180, 0.0)	(185, 28.0)	(190, 0.0)	(195, 0.0)	(200, 1.0)	(205, 0.0)	(210, 5.0)	(215, 0.0)	(220, 0.0)	(225, 6.0)	(230, 6.0)	(235, 0.0)	(240, 1.0)	(245, 2897.0)	(250, 130482.0)
sample13085_S47_L001_R1_001	(35, 1532.0)	(40, 2.0)	(45, 1.0)	(50, 0.0)	(55, 0.0)	(60, 0.0)	(65, 0.0)	(70, 1.0)	(75, 0.0)	(80, 0.0)	(85, 0.0)	(90, 1.0)	(95, 1.0)	(100, 0.0)	(105, 0.0)	(110, 2.0)	(115, 0.0)	(120, 0.0)	(125, 1.0)	(130, 0.0)	(135, 1.0)	(140, 0.0)	(145, 0.0)	(150, 0.0)	(155, 1.0)	(160, 0.0)	(165, 1.0)	(170, 0.0)	(175, 1.0)	(180, 0.0)	(185, 2.0)	(190, 1.0)	(195, 0.0)	(200, 1.0)	(205, 0.0)	(210, 0.0)	(215, 0.0)	(220, 0.0)	(225, 0.0)	(230, 6.0)	(235, 8.0)	(240, 0.0)	(245, 94536.0)	(250, 25610.0)
sample13085_S47_L001_R2_001	(35, 1532.0)	(40, 2.0)	(45, 1.0)	(50, 0.0)	(55, 0.0)	(60, 0.0)	(65, 0.0)	(70, 1.0)	(75, 0.0)	(80, 0.0)	(85, 0.0)	(90, 1.0)	(95, 1.0)	(100, 0.0)	(105, 0.0)	(110, 2.0)	(115, 0.0)	(120, 0.0)	(125, 1.0)	(130, 0.0)	(135, 1.0)	(140, 0.0)	(145, 0.0)	(150, 0.0)	(155, 1.0)	(160, 0.0)	(165, 1.0)	(170, 0.0)	(175, 1.0)	(180, 0.0)	(185, 1.0)	(190, 2.0)	(195, 0.0)	(200, 1.0)	(205, 2.0)	(210, 1.0)	(215, 2.0)	(220, 0.0)	(225, 6.0)	(230, 7.0)	(235, 9.0)	(240, 0.0)	(245, 5385.0)	(250, 114748.0)
sample13086_S48_L001_R1_001	(35, 452.0)	(40, 0.0)	(45, 0.0)	(50, 1.0)	(55, 0.0)	(60, 1.0)	(65, 0.0)	(70, 0.0)	(75, 0.0)	(80, 0.0)	(85, 0.0)	(90, 0.0)	(95, 0.0)	(100, 2.0)	(105, 0.0)	(110, 0.0)	(115, 0.0)	(120, 0.0)	(125, 0.0)	(130, 0.0)	(135, 0.0)	(140, 0.0)	(145, 0.0)	(150, 0.0)	(155, 0.0)	(160, 0.0)	(165, 0.0)	(170, 0.0)	(175, 0.0)	(180, 0.0)	(185, 0.0)	(190, 17.0)	(195, 0.0)	(200, 0.0)	(205, 0.0)	(210, 1.0)	(215, 0.0)	(220, 0.0)	(225, 0.0)	(230, 1.0)	(235, 12.0)	(240, 0.0)	(245, 104713.0)	(250, 15893.0)
sample13086_S48_L001_R2_001	(35, 447.0)	(40, 0.0)	(45, 0.0)	(50, 1.0)	(55, 0.0)	(60, 1.0)	(65, 0.0)	(70, 0.0)	(75, 0.0)	(80, 0.0)	(85, 0.0)	(90, 1.0)	(95, 0.0)	(100, 2.0)	(105, 0.0)	(110, 0.0)	(115, 0.0)	(120, 0.0)	(125, 0.0)	(130, 0.0)	(135, 0.0)	(140, 0.0)	(145, 0.0)	(150, 0.0)	(155, 0.0)	(160, 0.0)	(165, 0.0)	(170, 0.0)	(175, 0.0)	(180, 0.0)	(185, 0.0)	(190, 15.0)	(195, 0.0)	(200, 0.0)	(205, 1.0)	(210, 2.0)	(215, 3.0)	(220, 0.0)	(225, 4.0)	(230, 1.0)	(235, 12.0)	(240, 0.0)	(245, 43715.0)	(250, 76888.0)
sample13087_S49_L001_R1_001	(35, 16.0)	(40, 1.0)	(45, 0.0)	(50, 7.0)	(55, 2.0)	(60, 1.0)	(65, 1.0)	(70, 0.0)	(75, 0.0)	(80, 0.0)	(85, 0.0)	(90, 0.0)	(95, 0.0)	(100, 4.0)	(105, 0.0)	(110, 0.0)	(115, 1.0)	(120, 1.0)	(125, 0.0)	(130, 1.0)	(135, 0.0)	(140, 2.0)	(145, 1.0)	(150, 0.0)	(155, 1.0)	(160, 1.0)	(165, 0.0)	(170, 2.0)	(175, 0.0)	(180, 0.0)	(185, 3.0)	(190, 2.0)	(195, 0.0)	(200, 0.0)	(205, 1.0)	(210, 0.0)	(215, 1.0)	(220, 0.0)	(225, 0.0)	(230, 24.0)	(235, 0.0)	(240, 3.0)	(245, 31140.0)	(250, 119659.0)
sample13087_S49_L001_R2_001	(35, 17.0)	(40, 1.0)	(45, 0.0)	(50, 7.0)	(55, 1.0)	(60, 1.0)	(65, 1.0)	(70, 0.0)	(75, 0.0)	(80, 0.0)	(85, 0.0)	(90, 0.0)	(95, 0.0)	(100, 5.0)	(105, 0.0)	(110, 0.0)	(115, 1.0)	(120, 1.0)	(125, 0.0)	(130, 1.0)	(135, 0.0)	(140, 2.0)	(145, 1.0)	(150, 0.0)	(155, 1.0)	(160, 1.0)	(165, 0.0)	(170, 2.0)	(175, 0.0)	(180, 0.0)	(185, 3.0)	(190, 2.0)	(195, 0.0)	(200, 1.0)	(205, 1.0)	(210, 2.0)	(215, 1.0)	(220, 1.0)	(225, 8.0)	(230, 17.0)	(235, 0.0)	(240, 2.0)	(245, 1073.0)	(250, 149721.0)
sample13088_S50_L001_R1_001	(35, 43.0)	(40, 0.0)	(45, 0.0)	(50, 0.0)	(55, 0.0)	(60, 0.0)	(65, 0.0)	(70, 0.0)	(75, 0.0)	(80, 0.0)	(85, 1.0)	(90, 0.0)	(95, 3.0)	(100, 0.0)	(105, 0.0)	(110, 1.0)	(115, 0.0)	(120, 0.0)	(125, 0.0)	(130, 0.0)	(135, 0.0)	(140, 1.0)	(145, 0.0)	(150, 0.0)	(155, 0.0)	(160, 0.0)	(165, 0.0)	(170, 0.0)	(175, 1.0)	(180, 0.0)	(185, 5.0)	(190, 1.0)	(195, 0.0)	(200, 0.0)	(205, 0.0)	(210, 0.0)	(215, 0.0)	(220, 0.0)	(225, 0.0)	(230, 16.0)	(235, 0.0)	(240, 1.0)	(245, 30905.0)	(250, 98562.0)
sample13088_S50_L001_R2_001	(35, 40.0)	(40, 0.0)	(45, 0.0)	(50, 0.0)	(55, 0.0)	(60, 0.0)	(65, 0.0)	(70, 0.0)	(75, 0.0)	(80, 0.0)	(85, 1.0)	(90, 0.0)	(95, 3.0)	(100, 0.0)	(105, 0.0)	(110, 1.0)	(115, 0.0)	(120, 0.0)	(125, 0.0)	(130, 0.0)	(135, 0.0)	(140, 1.0)	(145, 0.0)	(150, 0.0)	(155, 0.0)	(160, 1.0)	(165, 0.0)	(170, 0.0)	(175, 1.0)	(180, 0.0)	(185, 5.0)	(190, 1.0)	(195, 0.0)	(200, 0.0)	(205, 0.0)	(210, 1.0)	(215, 2.0)	(220, 0.0)	(225, 6.0)	(230, 15.0)	(235, 0.0)	(240, 1.0)	(245, 2168.0)	(250, 127293.0)
sample13225_S41_L001_R1_001	(35, 3.0)	(40, 0.0)	(45, 1.0)	(50, 0.0)	(55, 4.0)	(60, 1.0)	(65, 0.0)	(70, 0.0)	(75, 0.0)	(80, 0.0)	(85, 0.0)	(90, 0.0)	(95, 0.0)	(100, 0.0)	(105, 0.0)	(110, 0.0)	(115, 0.0)	(120, 0.0)	(125, 0.0)	(130, 0.0)	(135, 0.0)	(140, 0.0)	(145, 0.0)	(150, 0.0)	(155, 0.0)	(160, 0.0)	(165, 0.0)	(170, 0.0)	(175, 0.0)	(180, 0.0)	(185, 0.0)	(190, 0.0)	(195, 0.0)	(200, 0.0)	(205, 0.0)	(210, 0.0)	(215, 0.0)	(220, 0.0)	(225, 1.0)	(230, 0.0)	(235, 4.0)	(240, 108.0)	(245, 31714.0)	(250, 60016.0)
sample13225_S41_L001_R2_001	(35, 3.0)	(40, 0.0)	(45, 1.0)	(50, 0.0)	(55, 4.0)	(60, 0.0)	(65, 0.0)	(70, 0.0)	(75, 0.0)	(80, 0.0)	(85, 0.0)	(90, 0.0)	(95, 0.0)	(100, 0.0)	(105, 0.0)	(110, 0.0)	(115, 1.0)	(120, 0.0)	(125, 0.0)	(130, 0.0)	(135, 0.0)	(140, 0.0)	(145, 0.0)	(150, 0.0)	(155, 0.0)	(160, 0.0)	(165, 0.0)	(170, 0.0)	(175, 0.0)	(180, 0.0)	(185, 0.0)	(190, 0.0)	(195, 0.0)	(200, 0.0)	(205, 0.0)	(210, 0.0)	(215, 0.0)	(220, 2.0)	(225, 5.0)	(230, 2.0)	(235, 3.0)	(240, 104.0)	(245, 30883.0)	(250, 60844.0)
sample13226_S42_L001_R1_001	(35, 4.0)	(40, 1.0)	(45, 11.0)	(50, 1.0)	(55, 0.0)	(60, 5.0)	(65, 1.0)	(70, 0.0)	(75, 0.0)	(80, 0.0)	(85, 0.0)	(90, 0.0)	(95, 0.0)	(100, 0.0)	(105, 0.0)	(110, 0.0)	(115, 0.0)	(120, 0.0)	(125, 0.0)	(130, 0.0)	(135, 0.0)	(140, 0.0)	(145, 0.0)	(150, 0.0)	(155, 0.0)	(160, 0.0)	(165, 0.0)	(170, 0.0)	(175, 0.0)	(180, 0.0)	(185, 0.0)	(190, 0.0)	(195, 0.0)	(200, 0.0)	(205, 0.0)	(210, 0.0)	(215, 0.0)	(220, 0.0)	(225, 0.0)	(230, 0.0)	(235, 2.0)	(240, 51.0)	(245, 44513.0)	(250, 118274.0)
sample13226_S42_L001_R2_001	(35, 4.0)	(40, 1.0)	(45, 10.0)	(50, 1.0)	(55, 0.0)	(60, 5.0)	(65, 1.0)	(70, 0.0)	(75, 0.0)	(80, 0.0)	(85, 0.0)	(90, 0.0)	(95, 0.0)	(100, 0.0)	(105, 0.0)	(110, 0.0)	(115, 0.0)	(120, 0.0)	(125, 0.0)	(130, 0.0)	(135, 0.0)	(140, 0.0)	(145, 0.0)	(150, 0.0)	(155, 0.0)	(160, 0.0)	(165, 0.0)	(170, 0.0)	(175, 0.0)	(180, 0.0)	(185, 0.0)	(190, 0.0)	(195, 1.0)	(200, 0.0)	(205, 0.0)	(210, 0.0)	(215, 0.0)	(220, 1.0)	(225, 3.0)	(230, 4.0)	(235, 2.0)	(240, 50.0)	(245, 76223.0)	(250, 86557.0)
sample13227_S43_L001_R1_001	(35, 1.0)	(40, 0.0)	(45, 37.0)	(50, 1.0)	(55, 0.0)	(60, 1.0)	(65, 0.0)	(70, 0.0)	(75, 0.0)	(80, 0.0)	(85, 0.0)	(90, 0.0)	(95, 0.0)	(100, 0.0)	(105, 0.0)	(110, 0.0)	(115, 0.0)	(120, 0.0)	(125, 0.0)	(130, 0.0)	(135, 0.0)	(140, 0.0)	(145, 0.0)	(150, 4.0)	(155, 0.0)	(160, 0.0)	(165, 0.0)	(170, 1.0)	(175, 0.0)	(180, 0.0)	(185, 0.0)	(190, 1.0)	(195, 0.0)	(200, 0.0)	(205, 0.0)	(210, 0.0)	(215, 0.0)	(220, 0.0)	(225, 0.0)	(230, 0.0)	(235, 3.0)	(240, 41.0)	(245, 134380.0)	(250, 280348.0)
sample13227_S43_L001_R2_001	(35, 1.0)	(40, 0.0)	(45, 34.0)	(50, 1.0)	(55, 0.0)	(60, 1.0)	(65, 0.0)	(70, 0.0)	(75, 0.0)	(80, 0.0)	(85, 0.0)	(90, 0.0)	(95, 0.0)	(100, 0.0)	(105, 0.0)	(110, 0.0)	(115, 0.0)	(120, 0.0)	(125, 0.0)	(130, 0.0)	(135, 0.0)	(140, 0.0)	(145, 0.0)	(150, 4.0)	(155, 1.0)	(160, 1.0)	(165, 0.0)	(170, 1.0)	(175, 0.0)	(180, 0.0)	(185, 0.0)	(190, 1.0)	(195, 0.0)	(200, 0.0)	(205, 0.0)	(210, 0.0)	(215, 2.0)	(220, 5.0)	(225, 20.0)	(230, 8.0)	(235, 4.0)	(240, 46.0)	(245, 196829.0)	(250, 217859.0)
sample13228_S44_L001_R1_001	(35, 2.0)	(40, 0.0)	(45, 0.0)	(50, 0.0)	(55, 0.0)	(60, 0.0)	(65, 0.0)	(70, 0.0)	(75, 0.0)	(80, 0.0)	(85, 0.0)	(90, 0.0)	(95, 0.0)	(100, 0.0)	(105, 1.0)	(110, 0.0)	(115, 0.0)	(120, 0.0)	(125, 0.0)	(130, 0.0)	(135, 0.0)	(140, 0.0)	(145, 0.0)	(150, 0.0)	(155, 0.0)	(160, 0.0)	(165, 0.0)	(170, 0.0)	(175, 0.0)	(180, 0.0)	(185, 0.0)	(190, 0.0)	(195, 1.0)	(200, 1.0)	(205, 1.0)	(210, 0.0)	(215, 0.0)	(220, 0.0)	(225, 0.0)	(230, 1.0)	(235, 1.0)	(240, 51.0)	(245, 69709.0)	(250, 93198.0)
sample13228_S44_L001_R2_001	(35, 2.0)	(40, 0.0)	(45, 0.0)	(50, 0.0)	(55, 0.0)	(60, 0.0)	(65, 0.0)	(70, 0.0)	(75, 0.0)	(80, 0.0)	(85, 0.0)	(90, 0.0)	(95, 0.0)	(100, 0.0)	(105, 1.0)	(110, 0.0)	(115, 0.0)	(120, 0.0)	(125, 0.0)	(130, 0.0)	(135, 0.0)	(140, 0.0)	(145, 0.0)	(150, 0.0)	(155, 0.0)	(160, 0.0)	(165, 0.0)	(170, 0.0)	(175, 0.0)	(180, 0.0)	(185, 0.0)	(190, 0.0)	(195, 1.0)	(200, 1.0)	(205, 0.0)	(210, 0.0)	(215, 0.0)	(220, 1.0)	(225, 8.0)	(230, 3.0)	(235, 0.0)	(240, 31.0)	(245, 41452.0)	(250, 121466.0)
sample13229_S45_L001_R1_001	(40, 34.0)	(45, 17.0)	(50, 21.0)	(55, 14.0)	(60, 92.0)	(65, 45.0)	(70, 0.0)	(75, 0.0)	(80, 1.0)	(85, 0.0)	(90, 0.0)	(95, 0.0)	(100, 0.0)	(105, 0.0)	(110, 0.0)	(115, 0.0)	(120, 0.0)	(125, 0.0)	(130, 0.0)	(135, 0.0)	(140, 0.0)	(145, 0.0)	(150, 0.0)	(155, 0.0)	(160, 0.0)	(165, 0.0)	(170, 0.0)	(175, 0.0)	(180, 0.0)	(185, 0.0)	(190, 0.0)	(195, 122.0)	(200, 3.0)	(205, 1.0)	(210, 0.0)	(215, 0.0)	(220, 0.0)	(225, 1.0)	(230, 17.0)	(235, 10.0)	(240, 7.0)	(245, 88017.0)	(250, 140114.0)	
sample13229_S45_L001_R2_001	(40, 32.0)	(45, 19.0)	(50, 22.0)	(55, 16.0)	(60, 84.0)	(65, 42.0)	(70, 0.0)	(75, 0.0)	(80, 1.0)	(85, 0.0)	(90, 0.0)	(95, 0.0)	(100, 0.0)	(105, 0.0)	(110, 0.0)	(115, 0.0)	(120, 0.0)	(125, 0.0)	(130, 0.0)	(135, 0.0)	(140, 0.0)	(145, 0.0)	(150, 0.0)	(155, 0.0)	(160, 0.0)	(165, 0.0)	(170, 0.0)	(175, 0.0)	(180, 0.0)	(185, 0.0)	(190, 0.0)	(195, 122.0)	(200, 2.0)	(205, 0.0)	(210, 0.0)	(215, 0.0)	(220, 2.0)	(225, 13.0)	(230, 20.0)	(235, 9.0)	(240, 16.0)	(245, 33439.0)	(250, 194677.0)	
sample13230_S46_L001_R1_001	(35, 1.0)	(40, 80.0)	(45, 52.0)	(50, 2.0)	(55, 1.0)	(60, 2.0)	(65, 3.0)	(70, 0.0)	(75, 0.0)	(80, 0.0)	(85, 0.0)	(90, 1.0)	(95, 0.0)	(100, 0.0)	(105, 0.0)	(110, 0.0)	(115, 0.0)	(120, 0.0)	(125, 0.0)	(130, 0.0)	(135, 0.0)	(140, 0.0)	(145, 0.0)	(150, 0.0)	(155, 0.0)	(160, 0.0)	(165, 0.0)	(170, 0.0)	(175, 0.0)	(180, 0.0)	(185, 0.0)	(190, 0.0)	(195, 1.0)	(200, 0.0)	(205, 0.0)	(210, 0.0)	(215, 0.0)	(220, 0.0)	(225, 1.0)	(230, 1.0)	(235, 10.0)	(240, 0.0)	(245, 30837.0)	(250, 46105.0)
sample13230_S46_L001_R2_001	(35, 1.0)	(40, 82.0)	(45, 52.0)	(50, 1.0)	(55, 1.0)	(60, 2.0)	(65, 3.0)	(70, 0.0)	(75, 0.0)	(80, 0.0)	(85, 0.0)	(90, 1.0)	(95, 0.0)	(100, 0.0)	(105, 0.0)	(110, 0.0)	(115, 0.0)	(120, 0.0)	(125, 0.0)	(130, 0.0)	(135, 0.0)	(140, 0.0)	(145, 0.0)	(150, 0.0)	(155, 0.0)	(160, 0.0)	(165, 0.0)	(170, 0.0)	(175, 0.0)	(180, 0.0)	(185, 0.0)	(190, 0.0)	(195, 0.0)	(200, 0.0)	(205, 0.0)	(210, 0.0)	(215, 0.0)	(220, 1.0)	(225, 3.0)	(230, 1.0)	(235, 9.0)	(240, 0.0)	(245, 23668.0)	(250, 53272.0)
sample13231_S47_L001_R1_001	(35, 1.0)	(40, 46.0)	(45, 9.0)	(50, 4.0)	(55, 0.0)	(60, 1.0)	(65, 2.0)	(70, 0.0)	(75, 0.0)	(80, 0.0)	(85, 0.0)	(90, 0.0)	(95, 0.0)	(100, 0.0)	(105, 0.0)	(110, 0.0)	(115, 0.0)	(120, 0.0)	(125, 0.0)	(130, 0.0)	(135, 0.0)	(140, 0.0)	(145, 0.0)	(150, 0.0)	(155, 0.0)	(160, 0.0)	(165, 0.0)	(170, 0.0)	(175, 0.0)	(180, 1.0)	(185, 0.0)	(190, 0.0)	(195, 2.0)	(200, 2.0)	(205, 0.0)	(210, 0.0)	(215, 0.0)	(220, 0.0)	(225, 0.0)	(230, 0.0)	(235, 12.0)	(240, 2.0)	(245, 45043.0)	(250, 56564.0)
sample13231_S47_L001_R2_001	(35, 1.0)	(40, 47.0)	(45, 9.0)	(50, 3.0)	(55, 0.0)	(60, 1.0)	(65, 2.0)	(70, 0.0)	(75, 0.0)	(80, 0.0)	(85, 0.0)	(90, 1.0)	(95, 0.0)	(100, 0.0)	(105, 0.0)	(110, 0.0)	(115, 1.0)	(120, 0.0)	(125, 0.0)	(130, 0.0)	(135, 0.0)	(140, 0.0)	(145, 0.0)	(150, 0.0)	(155, 0.0)	(160, 0.0)	(165, 0.0)	(170, 0.0)	(175, 0.0)	(180, 1.0)	(185, 0.0)	(190, 0.0)	(195, 2.0)	(200, 2.0)	(205, 0.0)	(210, 0.0)	(215, 0.0)	(220, 0.0)	(225, 1.0)	(230, 2.0)	(235, 12.0)	(240, 0.0)	(245, 19371.0)	(250, 82233.0)
sample13232_S48_L001_R1_001	(35, 4.0)	(40, 10.0)	(45, 216.0)	(50, 14.0)	(55, 2.0)	(60, 0.0)	(65, 1.0)	(70, 0.0)	(75, 0.0)	(80, 0.0)	(85, 0.0)	(90, 0.0)	(95, 0.0)	(100, 0.0)	(105, 0.0)	(110, 0.0)	(115, 0.0)	(120, 0.0)	(125, 0.0)	(130, 0.0)	(135, 0.0)	(140, 0.0)	(145, 0.0)	(150, 0.0)	(155, 0.0)	(160, 0.0)	(165, 0.0)	(170, 0.0)	(175, 0.0)	(180, 0.0)	(185, 0.0)	(190, 0.0)	(195, 0.0)	(200, 0.0)	(205, 0.0)	(210, 0.0)	(215, 0.0)	(220, 0.0)	(225, 0.0)	(230, 1.0)	(235, 17.0)	(240, 15.0)	(245, 56816.0)	(250, 177416.0)
sample13232_S48_L001_R2_001	(35, 4.0)	(40, 10.0)	(45, 212.0)	(50, 13.0)	(55, 2.0)	(60, 0.0)	(65, 1.0)	(70, 0.0)	(75, 0.0)	(80, 0.0)	(85, 0.0)	(90, 0.0)	(95, 0.0)	(100, 0.0)	(105, 0.0)	(110, 0.0)	(115, 0.0)	(120, 0.0)	(125, 0.0)	(130, 0.0)	(135, 1.0)	(140, 0.0)	(145, 0.0)	(150, 0.0)	(155, 0.0)	(160, 0.0)	(165, 0.0)	(170, 0.0)	(175, 0.0)	(180, 0.0)	(185, 0.0)	(190, 0.0)	(195, 0.0)	(200, 0.0)	(205, 0.0)	(210, 0.0)	(215, 0.0)	(220, 2.0)	(225, 15.0)	(230, 7.0)	(235, 18.0)	(240, 16.0)	(245, 61473.0)	(250, 172738.0)
sample13233_S49_L001_R1_001	(40, 98.0)	(45, 0.0)	(50, 10.0)	(55, 71.0)	(60, 0.0)	(65, 0.0)	(70, 0.0)	(75, 0.0)	(80, 0.0)	(85, 0.0)	(90, 1.0)	(95, 0.0)	(100, 0.0)	(105, 0.0)	(110, 0.0)	(115, 0.0)	(120, 0.0)	(125, 0.0)	(130, 0.0)	(135, 0.0)	(140, 6.0)	(145, 0.0)	(150, 0.0)	(155, 0.0)	(160, 0.0)	(165, 0.0)	(170, 0.0)	(175, 0.0)	(180, 0.0)	(185, 0.0)	(190, 1.0)	(195, 0.0)	(200, 1.0)	(205, 0.0)	(210, 0.0)	(215, 0.0)	(220, 0.0)	(225, 11.0)	(230, 258.0)	(235, 897.0)	(240, 12.0)	(245, 275485.0)	(250, 472257.0)	
sample13233_S49_L001_R2_001	(40, 100.0)	(45, 0.0)	(50, 10.0)	(55, 72.0)	(60, 0.0)	(65, 0.0)	(70, 0.0)	(75, 0.0)	(80, 1.0)	(85, 0.0)	(90, 1.0)	(95, 0.0)	(100, 0.0)	(105, 0.0)	(110, 0.0)	(115, 1.0)	(120, 0.0)	(125, 1.0)	(130, 0.0)	(135, 1.0)	(140, 6.0)	(145, 0.0)	(150, 0.0)	(155, 0.0)	(160, 0.0)	(165, 0.0)	(170, 0.0)	(175, 0.0)	(180, 0.0)	(185, 0.0)	(190, 1.0)	(195, 0.0)	(200, 1.0)	(205, 0.0)	(210, 0.0)	(215, 0.0)	(220, 10.0)	(225, 42.0)	(230, 271.0)	(235, 888.0)	(240, 7.0)	(245, 250802.0)	(250, 496893.0)	
sample13234_S50_L001_R1_001	(40, 11.0)	(45, 53.0)	(50, 0.0)	(55, 5.0)	(60, 0.0)	(65, 0.0)	(70, 0.0)	(75, 0.0)	(80, 0.0)	(85, 0.0)	(90, 0.0)	(95, 0.0)	(100, 0.0)	(105, 0.0)	(110, 0.0)	(115, 0.0)	(120, 0.0)	(125, 0.0)	(130, 0.0)	(135, 0.0)	(140, 0.0)	(145, 0.0)	(150, 0.0)	(155, 0.0)	(160, 0.0)	(165, 0.0)	(170, 0.0)	(175, 0.0)	(180, 0.0)	(185, 0.0)	(190, 0.0)	(195, 0.0)	(200, 0.0)	(205, 0.0)	(210, 0.0)	(215, 0.0)	(220, 0.0)	(225, 10.0)	(230, 17.0)	(235, 7.0)	(240, 29.0)	(245, 9238.0)	(250, 19197.0)	
sample13234_S50_L001_R2_001	(40, 11.0)	(45, 54.0)	(50, 0.0)	(55, 5.0)	(60, 0.0)	(65, 0.0)	(70, 0.0)	(75, 0.0)	(80, 0.0)	(85, 0.0)	(90, 0.0)	(95, 0.0)	(100, 0.0)	(105, 0.0)	(110, 0.0)	(115, 0.0)	(120, 0.0)	(125, 0.0)	(130, 0.0)	(135, 0.0)	(140, 0.0)	(145, 0.0)	(150, 0.0)	(155, 0.0)	(160, 0.0)	(165, 0.0)	(170, 0.0)	(175, 0.0)	(180, 0.0)	(185, 0.0)	(190, 0.0)	(195, 0.0)	(200, 0.0)	(205, 0.0)	(210, 0.0)	(215, 0.0)	(220, 0.0)	(225, 12.0)	(230, 14.0)	(235, 7.0)	(240, 34.0)	(245, 7930.0)	(250, 20500.0)	
