Sample	0	1	2	3	4	5	6	7	8	9	10	11	12	13	14	15
sample12835_S50_L001_R1_001	(1.0, 32.33190271816881)	(2.0, 5.150214592274678)	(3.0, 6.437768240343347)	(4.0, 3.4334763948497855)	(5.0, 5.7224606580829755)	(6.0, 2.575107296137339)	(7.0, 0.0)	(8.0, 5.7224606580829755)	(9.0, 1.2875536480686696)	('>10', 28.612303290414882)	('>50', 8.726752503576538)	('>100', 0.0)	('>500', 0.0)	('>1k', 0.0)	('>5k', 0.0)	('>10k+', 0.0)
sample12835_S50_L001_R2_001	(1.0, 60.65808297567954)	(2.0, 7.1530758226037205)	(3.0, 5.150214592274678)	(4.0, 3.4334763948497855)	(5.0, 5.7224606580829755)	(6.0, 2.575107296137339)	(7.0, 4.005722460658083)	(8.0, 4.57796852646638)	(9.0, 0.0)	('>10', 6.723891273247497)	('>50', 0.0)	('>100', 0.0)	('>500', 0.0)	('>1k', 0.0)	('>5k', 0.0)	('>10k+', 0.0)
sample12836_S51_L001_R1_001	(1.0, 6.949797224111438)	(2.0, 2.4484243935615506)	(3.0, 1.7909771026978007)	(4.0, 1.2594775687045014)	(5.0, 0.919418625154286)	(6.0, 0.785914002871609)	(7.0, 0.6876747525126577)	(8.0, 0.8665205672686969)	(9.0, 0.3854001360235774)	('>10', 8.76596387818333)	('>50', 3.9749112068314068)	('>100', 8.113554497594398)	('>500', 5.2066802690244085)	('>1k', 57.84528577546034)	('>5k', 0.0)	('>10k+', 0.0)
sample12836_S51_L001_R2_001	(1.0, 18.69820398498703)	(2.0, 3.783470616388322)	(3.0, 2.4257537973248695)	(4.0, 1.3400841331015896)	(5.0, 1.1461245875210964)	(6.0, 0.7556865412227008)	(7.0, 0.8287362402075619)	(8.0, 0.42318446308471247)	(9.0, 0.6574472908637498)	('>10', 8.556890601778383)	('>50', 2.181415148996196)	('>100', 16.1162749691428)	('>500', 24.383485730119148)	('>1k', 18.703241895261847)	('>5k', 0.0)	('>10k+', 0.0)
sample12837_S52_L001_R1_001	(1.0, 3.9573143619386393)	(2.0, 1.134895932583794)	(3.0, 0.7940036841770945)	(4.0, 0.7283660462851214)	(5.0, 0.6352029473416757)	(6.0, 0.6224988883948421)	(7.0, 0.7410701052319549)	(8.0, 0.5081623578733405)	(9.0, 0.3239535031442546)	('>10', 7.639374113362553)	('>50', 3.154841305130322)	('>100', 9.559804357492219)	('>500', 4.679328378750344)	('>1k', 9.386182218552161)	('>5k', 0.0)	('>10k+', 56.13500179974168)
sample12837_S52_L001_R2_001	(1.0, 15.568824239344469)	(2.0, 2.900760126193652)	(3.0, 2.1025217557009466)	(4.0, 1.4482627199390206)	(5.0, 1.2174723157382117)	(6.0, 1.2195896588960173)	(7.0, 1.0078553431154587)	(8.0, 0.7283660462851214)	(9.0, 0.7622435368100108)	('>10', 9.659319485909082)	('>50', 5.147261216625378)	('>100', 4.994812509263377)	('>500', 4.98846047978996)	('>1k', 48.254250566389295)	('>5k', 0.0)	('>10k+', 0.0)
sample12838_S53_L001_R1_001	(1.0, 7.042008018127942)	(2.0, 2.1091162628551507)	(3.0, 1.1765731218406832)	(4.0, 0.6972285166463308)	(5.0, 0.7843820812271222)	(6.0, 0.522921387484748)	(7.0, 0.6100749520655394)	(8.0, 0.4183371099877985)	(9.0, 0.7843820812271222)	('>10', 7.16402300854105)	('>50', 4.53198535820115)	('>100', 7.216315147289524)	('>500', 9.926791005752134)	('>1k', 57.015861948753695)	('>5k', 0.0)	('>10k+', 0.0)
sample12838_S53_L001_R2_001	(1.0, 22.503050374760328)	(2.0, 3.2944047411539135)	(3.0, 1.6210563012027193)	(4.0, 0.8715356458079135)	(5.0, 0.9151124280983093)	(6.0, 0.8889663587240718)	(7.0, 0.18302248561966183)	(8.0, 0.4880599616524316)	(9.0, 0.5490674568589855)	('>10', 11.260240543838243)	('>50', 13.892278194178143)	('>100', 43.53320550810528)	('>500', 0.0)	('>1k', 0.0)	('>5k', 0.0)	('>10k+', 0.0)
sample12839_S54_L001_R1_001	(1.0, 4.7514988513475656)	(2.0, 1.8266375301171065)	(3.0, 1.2355017650025213)	(4.0, 1.08701742589791)	(5.0, 0.5883341738107245)	(6.0, 0.6891914607497058)	(7.0, 0.2549448086513139)	(8.0, 0.3137782260323864)	(9.0, 0.30257186081694404)	('>10', 5.653611251190677)	('>50', 2.3757494256737828)	('>100', 5.939373564184456)	('>500', 7.687566537793467)	('>1k', 67.29422311873144)	('>5k', 0.0)	('>10k+', 0.0)
sample12839_S54_L001_R2_001	(1.0, 15.504006275564523)	(2.0, 3.2386395472628458)	(3.0, 1.6137165910237017)	(4.0, 0.7620328346500812)	(5.0, 0.6303580433686334)	(6.0, 0.5715246259875609)	(7.0, 0.5491118955566762)	(8.0, 0.3810164173250406)	(9.0, 0.45385779122541603)	('>10', 3.658878242841934)	('>50', 2.3225191909004317)	('>100', 41.382305149324814)	('>500', 28.932033394968343)	('>1k', 0.0)	('>5k', 0.0)	('>10k+', 0.0)
sample12840_S55_L001_R1_001	(1.0, 3.502610699221435)	(2.0, 0.8194436702157311)	(3.0, 0.4989129828864485)	(4.0, 0.2638571455116413)	(5.0, 0.1997510080457848)	(6.0, 0.20625452923797313)	(7.0, 0.19510563576565026)	(8.0, 0.14865191296430494)	(9.0, 0.12542505156363232)	('>10', 3.573220357879481)	('>50', 1.6509653083598121)	('>100', 5.398851663972351)	('>500', 5.318951260754036)	('>1k', 13.777245108422989)	('>5k', 0.0)	('>10k+', 64.32075366519872)
sample12840_S55_L001_R2_001	(1.0, 7.68437482579854)	(2.0, 1.2598249623724844)	(3.0, 0.7525503093817939)	(4.0, 0.5500120779679284)	(5.0, 0.49705483397439476)	(6.0, 0.37906237805897763)	(7.0, 0.26664436887972204)	(8.0, 0.2527082520393184)	(9.0, 0.11706338145939016)	('>10', 4.188267647769292)	('>50', 2.9990523440548524)	('>100', 8.346804912945723)	('>500', 7.995614768567553)	('>1k', 0.0)	('>5k', 0.0)	('>10k+', 64.71096493673004)
sample12841_S56_L001_R1_001	(1.0, 2.889584394788558)	(2.0, 0.823931872770944)	(3.0, 0.4978528277167188)	(4.0, 0.4716500473105757)	(5.0, 0.37120605575369386)	(6.0, 0.34063614527986025)	(7.0, 0.33626901521216973)	(8.0, 0.29114200451270106)	(9.0, 0.20962224324914477)	('>10', 5.514229565470559)	('>50', 2.260717665041124)	('>100', 6.076133634180072)	('>500', 2.8837615546983044)	('>1k', 17.8062449959968)	('>5k', 0.0)	('>10k+', 59.22701797801878)
sample12841_S56_L001_R2_001	(1.0, 10.41560521144188)	(2.0, 1.9797656306863674)	(3.0, 1.3407089307809883)	(4.0, 1.0597568964262318)	(5.0, 0.7642477618458403)	(6.0, 0.6026639493412912)	(7.0, 0.4993085377392823)	(8.0, 0.1630395225271126)	(9.0, 0.31443336487371715)	('>10', 5.134289249581483)	('>50', 3.4718684038139602)	('>100', 11.45789358759735)	('>500', 0.7336778513720067)	('>1k', 62.062741101972485)	('>5k', 0.0)	('>10k+', 0.0)
sample12842_S57_L001_R1_001	(1.0, 3.9511295527893036)	(2.0, 1.1664361456892578)	(3.0, 0.7676348547717842)	(4.0, 0.6039649608114339)	(5.0, 0.5071461502996772)	(6.0, 0.5048409405255878)	(7.0, 0.3792070078377132)	(8.0, 0.2858460119870908)	(9.0, 0.24896265560165973)	('>10', 4.204702627939143)	('>50', 3.0463347164591976)	('>100', 9.825956662056248)	('>500', 9.016828031350853)	('>1k', 2.896496081143384)	('>5k', 18.876210235131396)	('>10k+', 43.71830336560627)
sample12842_S57_L001_R2_001	(1.0, 12.60488704472107)	(2.0, 2.215306592899954)	(3.0, 1.2206085753803597)	(4.0, 0.9220839096357769)	(5.0, 0.6166436145689258)	(6.0, 0.6016597510373445)	(7.0, 0.5809128630705395)	(8.0, 0.4426002766251729)	(9.0, 0.42531120331950206)	('>10', 4.785615491009683)	('>50', 3.589211618257261)	('>100', 17.062010142923008)	('>500', 20.81719686491471)	('>1k', 14.695712309820195)	('>5k', 0.0)	('>10k+', 19.420239741816506)
sample12843_S58_L001_R1_001	(1.0, 3.763723941574524)	(2.0, 1.0686635854833362)	(3.0, 0.7020417714854034)	(4.0, 0.5538329530607071)	(5.0, 0.5752842294116499)	(6.0, 0.3510208857427017)	(7.0, 0.2457146200198912)	(8.0, 0.3276194933598549)	(9.0, 0.29836775288129647)	('>10', 5.399871292341894)	('>50', 1.7785058210963551)	('>100', 6.844907271982683)	('>500', 0.0)	('>1k', 9.146044189629283)	('>5k', 16.895805300415375)	('>10k+', 52.04859689151504)
sample12843_S58_L001_R2_001	(1.0, 13.329043078063144)	(2.0, 2.4376450398798726)	(3.0, 1.5912946820335812)	(4.0, 1.1388677626318766)	(5.0, 1.0140603365900271)	(6.0, 0.7137424676768268)	(7.0, 0.4914292400397824)	(8.0, 0.3276194933598549)	(9.0, 0.26326566430702625)	('>10', 4.613974531484623)	('>50', 1.9325649876167632)	('>100', 10.38046763782445)	('>500', 13.229587160436045)	('>1k', 32.1164609294253)	('>5k', 16.419976988630825)	('>10k+', 0.0)
sample12844_S59_L001_R1_001	(1.0, 3.055778157461028)	(2.0, 0.9434960763264133)	(3.0, 0.6667977077883787)	(4.0, 0.5745649182757004)	(5.0, 0.5670048535615465)	(6.0, 0.4173155722212983)	(7.0, 0.3069386273946505)	(8.0, 0.2903064850235118)	(9.0, 0.35381102862240504)	('>10', 5.725993014500204)	('>50', 3.1737151670018298)	('>100', 3.4912378849962957)	('>500', 2.519013562756097)	('>1k', 5.372181985877799)	('>5k', 38.749867698867504)	('>10k+', 33.79197725932534)
sample12844_S59_L001_R2_001	(1.0, 12.18228828038768)	(2.0, 2.4978453815564663)	(3.0, 1.646582094742731)	(4.0, 1.0946973706094925)	(5.0, 0.7862467302720111)	(6.0, 0.6622616689598863)	(7.0, 0.455115895792068)	(8.0, 0.38707531336468237)	(9.0, 0.2993785626804965)	('>10', 3.0512421186325356)	('>50', 1.4197801533181125)	('>100', 7.857931263891619)	('>500', 18.268140375281614)	('>1k', 35.6956015543493)	('>5k', 13.695813236161303)	('>10k+', 0.0)
sample12973_S188_L001_R1_001	(1.0, 19.97245179063361)	(2.0, 4.132231404958678)	(3.0, 2.066115702479339)	(4.0, 3.3057851239669422)	(5.0, 2.066115702479339)	(6.0, 2.479338842975207)	(7.0, 0.0)	(8.0, 1.1019283746556474)	(9.0, 0.0)	('>10', 33.47107438016529)	('>50', 12.8099173553719)	('>100', 18.59504132231405)	('>500', 0.0)	('>1k', 0.0)	('>5k', 0.0)	('>10k+', 0.0)
sample12973_S188_L001_R2_001	(1.0, 22.58953168044077)	(2.0, 2.203856749311295)	(3.0, 0.8264462809917356)	(4.0, 0.5509641873278237)	(5.0, 0.0)	(6.0, 0.8264462809917356)	(7.0, 0.0)	(8.0, 0.0)	(9.0, 0.0)	('>10', 13.774104683195592)	('>50', 18.181818181818183)	('>100', 41.04683195592286)	('>500', 0.0)	('>1k', 0.0)	('>5k', 0.0)	('>10k+', 0.0)
sample12974_S189_L001_R1_001	(1.0, 14.517876489707476)	(2.0, 3.9003250270855903)	(3.0, 1.6251354279523293)	(4.0, 1.3001083423618636)	(5.0, 0.5417118093174431)	(6.0, 0.0)	(7.0, 0.7583965330444203)	(8.0, 0.8667388949079089)	(9.0, 0.0)	('>10', 27.302275189599136)	('>50', 6.825568797399784)	('>100', 42.36186348862405)	('>500', 0.0)	('>1k', 0.0)	('>5k', 0.0)	('>10k+', 0.0)
sample12974_S189_L001_R2_001	(1.0, 18.201516793066087)	(2.0, 2.600216684723727)	(3.0, 0.3250270855904659)	(4.0, 0.8667388949079089)	(5.0, 0.5417118093174431)	(6.0, 0.0)	(7.0, 1.5167930660888407)	(8.0, 0.0)	(9.0, 0.0)	('>10', 0.0)	('>50', 0.0)	('>100', 12.026002166847237)	('>500', 63.92199349945828)	('>1k', 0.0)	('>5k', 0.0)	('>10k+', 0.0)
sample12975_S190_L001_R1_001	(1.0, 8.68596881959911)	(2.0, 3.414996288047513)	(3.0, 0.22271714922048996)	(4.0, 1.1878247958426131)	(5.0, 0.3711952487008166)	(6.0, 0.8908685968819599)	(7.0, 1.0393466963622866)	(8.0, 0.0)	(9.0, 0.0)	('>10', 7.423904974016332)	('>50', 9.651076466221232)	('>100', 67.11210096510764)	('>500', 0.0)	('>1k', 0.0)	('>5k', 0.0)	('>10k+', 0.0)
sample12975_S190_L001_R2_001	(1.0, 9.948032665181886)	(2.0, 2.2271714922048997)	(3.0, 2.2271714922048997)	(4.0, 0.2969561989606533)	(5.0, 0.3711952487008166)	(6.0, 0.0)	(7.0, 0.0)	(8.0, 0.0)	(9.0, 0.0)	('>10', 4.380103934669636)	('>50', 0.0)	('>100', 0.0)	('>500', 0.0)	('>1k', 80.5493689680772)	('>5k', 0.0)	('>10k+', 0.0)
sample13079_S41_L001_R1_001	(1.0, 6.272928753507863)	(2.0, 1.9364159663547726)	(3.0, 1.1368879677465715)	(4.0, 0.7049764377510345)	(5.0, 0.586219677314433)	(6.0, 0.5310015657738478)	(7.0, 0.4182961052321052)	(8.0, 0.3751805934812372)	(9.0, 0.3063470571772199)	('>10', 8.430217166024976)	('>50', 5.651914101797993)	('>100', 16.746972459021354)	('>500', 11.07236598261764)	('>1k', 45.83027616619895)	('>5k', 0.0)	('>10k+', 0.0)
sample13079_S41_L001_R2_001	(1.0, 17.485231046194112)	(2.0, 2.487084256786911)	(3.0, 1.3206962020529034)	(4.0, 0.9500540834928103)	(5.0, 0.9228232339659463)	(6.0, 0.6399249638813037)	(7.0, 0.5294887408001331)	(8.0, 0.4720013917989758)	(9.0, 0.4969630038652678)	('>10', 9.70552861886644)	('>50', 9.330348025385202)	('>100', 38.83119142530805)	('>500', 13.737207173816026)	('>1k', 3.09145783378592)	('>5k', 0.0)	('>10k+', 0.0)
sample13080_S42_L001_R1_001	(1.0, 5.927665671899073)	(2.0, 1.8142837134638383)	(3.0, 1.0471993880563246)	(4.0, 0.7757032504120923)	(5.0, 0.5763906096812075)	(6.0, 0.439565175233519)	(7.0, 0.4260981049138646)	(8.0, 0.38785162520604616)	(9.0, 0.33452202674021486)	('>10', 6.607483381635225)	('>50', 4.844374535386074)	('>100', 15.489285598853684)	('>500', 11.321496676327044)	('>1k', 41.982245014490566)	('>5k', 8.025835227701226)	('>10k+', 0.0)
sample13080_S42_L001_R2_001	(1.0, 15.219944192460597)	(2.0, 2.1471896917656945)	(3.0, 1.0843685021385707)	(4.0, 0.8015600254258287)	(5.0, 0.673353515982719)	(6.0, 0.5074392096445771)	(7.0, 0.4260981049138646)	(8.0, 0.2973529126579687)	(9.0, 0.2957368642196102)	('>10', 7.522705480558938)	('>50', 6.42379254247514)	('>100', 25.51794352449391)	('>500', 22.710328704252362)	('>1k', 11.240694254409119)	('>5k', 5.131492474601106)	('>10k+', 0.0)
sample13081_S43_L001_R1_001	(1.0, 6.673256616371673)	(2.0, 1.965794430870806)	(3.0, 1.1330361639032398)	(4.0, 0.7460320420762071)	(5.0, 0.615476434712871)	(6.0, 0.49238114777029673)	(7.0, 0.3916668220900088)	(8.0, 0.43269858440420017)	(9.0, 0.41964302366786654)	('>10', 8.44788033646045)	('>50', 4.7027994852378905)	('>100', 21.91935393625156)	('>500', 10.423932707909806)	('>1k', 41.63604826827312)	('>5k', 0.0)	('>10k+', 0.0)
sample13081_S43_L001_R2_001	(1.0, 14.928101161944907)	(2.0, 2.066508756551094)	(3.0, 1.102262342167596)	(4.0, 0.5856351530298226)	(5.0, 0.4662700262976295)	(6.0, 0.414047783352295)	(7.0, 0.33944457914467424)	(8.0, 0.2611112147266725)	(9.0, 0.1846429304138613)	('>10', 9.459686293526307)	('>50', 8.863793199917938)	('>100', 25.265307644963354)	('>500', 23.413283100509165)	('>1k', 12.649905813454687)	('>5k', 0.0)	('>10k+', 0.0)
sample13082_S44_L001_R1_001	(1.0, 6.436280080629775)	(2.0, 2.085424426176473)	(3.0, 1.1422551451252996)	(4.0, 0.7399357948088361)	(5.0, 0.597257592222379)	(6.0, 0.5773490058149663)	(7.0, 0.4122736435201699)	(8.0, 0.45789748737049046)	(9.0, 0.34342311552786786)	('>10', 7.620011447437185)	('>50', 6.666887873182305)	('>100', 20.45358396031555)	('>500', 11.21599986727609)	('>1k', 41.251420560592614)	('>5k', 0.0)	('>10k+', 0.0)
sample13082_S44_L001_R2_001	(1.0, 15.72446516412141)	(2.0, 2.115287305787592)	(3.0, 1.2169123441530971)	(4.0, 0.8295244336421929)	(5.0, 0.593109970054168)	(6.0, 0.49771466018531574)	(7.0, 0.43550032766215124)	(8.0, 0.2787202097037768)	(9.0, 0.27623163640285026)	('>10', 5.839852012841038)	('>50', 6.845235626415376)	('>100', 26.036283398727512)	('>500', 7.965093611832337)	('>1k', 31.346069298471186)	('>5k', 0.0)	('>10k+', 0.0)
sample13083_S45_L001_R1_001	(1.0, 5.6511107142366495)	(2.0, 1.8340179417785165)	(3.0, 1.098350070750505)	(4.0, 0.8160349493756096)	(5.0, 0.631946257092223)	(6.0, 0.4203816405874352)	(7.0, 0.34138835845090737)	(8.0, 0.329711090656812)	(9.0, 0.3771070599387287)	('>10', 6.926680496215192)	('>50', 3.936613042821228)	('>100', 16.12630682364578)	('>500', 11.682762978939703)	('>1k', 49.8275885755107)	('>5k', 0.0)	('>10k+', 0.0)
sample13083_S45_L001_R2_001	(1.0, 15.94565262189007)	(2.0, 2.3849102224176066)	(3.0, 1.378604497808795)	(4.0, 0.9341814235276339)	(5.0, 0.7384154634501517)	(6.0, 0.7047574562789356)	(7.0, 0.49525353409075296)	(8.0, 0.576994408649421)	(9.0, 0.46365622123614186)	('>10', 10.738964981934581)	('>50', 6.114080037367256)	('>100', 43.56445164924235)	('>500', 12.169086837658503)	('>1k', 3.7909906444478025)	('>5k', 0.0)	('>10k+', 0.0)
sample13084_S46_L001_R1_001	(1.0, 6.4037171344110435)	(2.0, 1.9791953654958787)	(3.0, 1.0677826012494693)	(4.0, 0.7624891099577802)	(5.0, 0.6440948047983202)	(6.0, 0.3752876088073449)	(7.0, 0.34401364140673285)	(8.0, 0.32763203943498365)	(9.0, 0.3752876088073449)	('>10', 7.857956618539506)	('>50', 4.784917012293648)	('>100', 20.076397834650066)	('>500', 12.583304169117701)	('>1k', 42.41792445103018)	('>5k', 0.0)	('>10k+', 0.0)
sample13084_S46_L001_R2_001	(1.0, 19.69068557004252)	(2.0, 2.583825401907712)	(3.0, 1.5368921122586505)	(4.0, 1.081185730135446)	(5.0, 0.915880473875068)	(6.0, 0.7148335405854189)	(7.0, 0.6984519386136697)	(8.0, 0.6373932403553318)	(9.0, 0.6299470576409003)	('>10', 14.338369434909193)	('>50', 7.900399860011766)	('>100', 41.169944228091474)	('>500', 8.102191411572857)	('>1k', 0.0)	('>5k', 0.0)	('>10k+', 0.0)
sample13085_S47_L001_R1_001	(1.0, 5.888636008840759)	(2.0, 1.8864669005578882)	(3.0, 1.0377211216919044)	(4.0, 0.7591878990050037)	(5.0, 0.6203321036242184)	(6.0, 0.48804936364607376)	(7.0, 0.39109679645712314)	(8.0, 0.39438332415844346)	(9.0, 0.3253662424307159)	('>10', 7.2624045879926715)	('>50', 3.7934745992490284)	('>100', 21.10443763402871)	('>500', 9.146406592774568)	('>1k', 37.671823776384656)	('>5k', 9.230213049158237)	('>10k+', 0.0)
sample13085_S47_L001_R2_001	(1.0, 16.317610037055598)	(2.0, 2.4714688313929125)	(3.0, 1.4715427782661923)	(4.0, 0.9826717826947884)	(5.0, 0.8339564042100419)	(6.0, 0.6359431102054901)	(7.0, 0.6269051590268592)	(8.0, 0.6178672078482281)	(9.0, 0.48804936364607376)	('>10', 15.30535950504893)	('>50', 9.594195992079468)	('>100', 25.991504325892084)	('>500', 18.094799891544586)	('>1k', 6.568125611088744)	('>5k', 0.0)	('>10k+', 0.0)
sample13086_S48_L001_R1_001	(1.0, 6.414078435582569)	(2.0, 1.9588250353034444)	(3.0, 1.1916460901951393)	(4.0, 0.8720570140305386)	(5.0, 0.6234877325691824)	(6.0, 0.5995391971459952)	(7.0, 0.44511243424475405)	(8.0, 0.4228155219542005)	(9.0, 0.2749952515834937)	('>10', 8.723047575004335)	('>50', 5.273632662499071)	('>100', 21.037549651920425)	('>500', 10.32842525992419)	('>1k', 41.83478813804266)	('>5k', 0.0)	('>10k+', 0.0)
sample13086_S48_L001_R2_001	(1.0, 18.125738069087397)	(2.0, 2.7829849784876086)	(3.0, 1.5409643827471449)	(4.0, 1.1297102227213796)	(5.0, 0.9661995325906534)	(6.0, 0.8225083200515306)	(7.0, 0.7457078443840685)	(8.0, 0.6276167904007663)	(9.0, 0.7952565383630763)	('>10', 14.60447755031257)	('>50', 6.646131485717589)	('>100', 44.053743816735896)	('>500', 7.15896046840032)	('>1k', 0.0)	('>5k', 0.0)	('>10k+', 0.0)
sample13087_S49_L001_R1_001	(1.0, 4.993537696768848)	(2.0, 1.6132560066280035)	(3.0, 0.9146644573322286)	(4.0, 0.6654515327257663)	(5.0, 0.503728251864126)	(6.0, 0.4294946147473074)	(7.0, 0.347970173985087)	(8.0, 0.36056338028169016)	(9.0, 0.30422535211267604)	('>10', 6.60149130074565)	('>50', 3.8806959403479704)	('>100', 19.15161557580779)	('>500', 9.804142502071251)	('>1k', 35.774647887323944)	('>5k', 14.654515327257664)	('>10k+', 0.0)
sample13087_S49_L001_R2_001	(1.0, 12.911350455675228)	(2.0, 2.512013256006628)	(3.0, 1.4654515327257664)	(4.0, 1.1903893951946976)	(5.0, 0.9643744821872411)	(6.0, 0.7516155758077879)	(7.0, 0.5938690969345485)	(8.0, 0.699917149958575)	(9.0, 0.6382767191383596)	('>10', 14.580944490472245)	('>50', 9.573487986743993)	('>100', 46.036122618061306)	('>500', 8.08218724109362)	('>1k', 0.0)	('>5k', 0.0)	('>10k+', 0.0)
sample13088_S50_L001_R1_001	(1.0, 5.41994750656168)	(2.0, 1.6952292728114868)	(3.0, 0.9263547938860583)	(4.0, 0.6515362050331943)	(5.0, 0.4863362667901806)	(6.0, 0.5882352941176471)	(7.0, 0.3458391230507951)	(8.0, 0.333487725798981)	(9.0, 0.30569708198239925)	('>10', 7.2757449436467505)	('>50', 4.8865215377489575)	('>100', 20.331171838814267)	('>500', 11.454377026401112)	('>1k', 45.29952138335649)	('>5k', 0.0)	('>10k+', 0.0)
sample13088_S50_L001_R2_001	(1.0, 14.710514126910606)	(2.0, 2.715763470742628)	(3.0, 1.5099583140342752)	(4.0, 1.1270649992280377)	(5.0, 0.9147753589624826)	(6.0, 0.8800370541917555)	(7.0, 0.7078894549945962)	(8.0, 0.7534352323606608)	(9.0, 0.7017137563686892)	('>10', 15.929442643199012)	('>50', 11.742318974834028)	('>100', 42.13138798826617)	('>500', 6.175698625907056)	('>1k', 0.0)	('>5k', 0.0)	('>10k+', 0.0)
sample13225_S41_L001_R1_001	(1.0, 3.4577363584897443)	(2.0, 1.1322562382963899)	(3.0, 0.7446762182641641)	(4.0, 0.5399991290336629)	(5.0, 0.4463702477899229)	(6.0, 0.365805861603449)	(7.0, 0.28197535165265863)	(8.0, 0.3135478813743849)	(9.0, 0.3135478813743849)	('>10', 5.410878369551017)	('>50', 4.361363933283979)	('>100', 9.038453163785219)	('>500', 14.819492226625442)	('>1k', 21.22980446805731)	('>5k', 5.920393676784393)	('>10k+', 31.623698994033884)
sample13225_S41_L001_R2_001	(1.0, 6.60519095936942)	(2.0, 0.8187083569220049)	(3.0, 0.49645081217610937)	(4.0, 0.352741366546183)	(5.0, 0.37560423289639855)	(6.0, 0.2939511387884858)	(7.0, 0.2743543962025868)	(8.0, 0.1829029308017245)	(9.0, 0.21556416844488963)	('>10', 3.9726952053303144)	('>50', 1.5601184514218527)	('>100', 6.819666419892871)	('>500', 0.8415712232722204)	('>1k', 11.889779210033533)	('>5k', 12.929495275007621)	('>10k+', 52.37120585289379)
sample13226_S42_L001_R1_001	(1.0, 2.796215223838441)	(2.0, 1.008209353874115)	(3.0, 0.6926066694092581)	(4.0, 0.5231390800857163)	(5.0, 0.3960383880930598)	(6.0, 0.34630333470462904)	(7.0, 0.32665491855117496)	(8.0, 0.304550450378539)	(9.0, 0.25420138398531283)	('>10', 5.035520652327416)	('>50', 2.259567857647225)	('>100', 8.69074006987468)	('>500', 1.382143273794539)	('>1k', 21.732990304734653)	('>5k', 26.18274255048722)	('>10k+', 28.06837648821402)
sample13226_S42_L001_R2_001	(1.0, 6.003205147885033)	(2.0, 0.7380436317641207)	(3.0, 0.44208936345271793)	(4.0, 0.419984895280082)	(5.0, 0.28551604722988033)	(6.0, 0.2873580862442666)	(7.0, 0.25788546201408546)	(8.0, 0.2259567857647225)	(9.0, 0.13262680903581536)	('>10', 3.552679245746425)	('>50', 1.8469511184246883)	('>100', 3.9640679589593706)	('>500', 1.9642276023406176)	('>1k', 11.066356385428243)	('>5k', 0.0)	('>10k+', 68.81305146042993)
sample13227_S43_L001_R1_001	(1.0, 1.574907549817028)	(2.0, 0.5935132998085907)	(3.0, 0.4534518752802434)	(4.0, 0.353890139772141)	(5.0, 0.2856674493392283)	(6.0, 0.26180156116658393)	(7.0, 0.2379356729939395)	(8.0, 0.1909271053811551)	(9.0, 0.15187383382591885)	('>10', 3.493098177996133)	('>50', 2.0119666938271727)	('>100', 5.343066115742325)	('>500', 2.229893591888491)	('>1k', 9.970155586305319)	('>5k', 11.970550940412423)	('>10k+', 60.87730040644331)
sample13227_S43_L001_R2_001	(1.0, 3.6953555535198572)	(2.0, 0.4305502654176048)	(3.0, 0.23070358566889573)	(4.0, 0.17453437411105593)	(5.0, 0.1579005732634553)	(6.0, 0.10703489241064756)	(7.0, 0.08943681325304109)	(8.0, 0.08678504790052505)	(9.0, 0.1063116836781432)	('>10', 2.0495735479174)	('>50', 1.3343201114705727)	('>100', 3.609534783929338)	('>500', 1.0643221846689392)	('>1k', 2.1187605166603185)	('>5k', 2.0351093732673124)	('>10k+', 82.7097666928629)
sample13228_S44_L001_R1_001	(1.0, 2.0691432568756674)	(2.0, 0.8627566486260938)	(3.0, 0.631420050808144)	(4.0, 0.47862744376127536)	(5.0, 0.4019243277738915)	(6.0, 0.34976620890247045)	(7.0, 0.3565160831093602)	(8.0, 0.25526797000601353)	(9.0, 0.20985972534148228)	('>10', 3.878109544322129)	('>50', 2.472908459433256)	('>100', 7.1916841549771116)	('>500', 0.0)	('>1k', 22.070861406673785)	('>5k', 3.128259882429464)	('>10k+', 55.642894836959854)
sample13228_S44_L001_R2_001	(1.0, 4.85500042953745)	(2.0, 0.4970361915982475)	(3.0, 0.35160708368616767)	(4.0, 0.26508596885239866)	(5.0, 0.22397309868316093)	(6.0, 0.20617797577408783)	(7.0, 0.16751960531644638)	(8.0, 0.16199698096535473)	(9.0, 0.13806560877729096)	('>10', 2.4109323417154496)	('>50', 2.5121804548187967)	('>100', 2.950308653338733)	('>500', 1.721217922756894)	('>1k', 3.5344795846986488)	('>5k', 4.205785255820232)	('>10k+', 75.79863284366064)
sample13229_S45_L001_R1_001	(1.0, 1.7801816940608097)	(2.0, 0.7325526440161739)	(3.0, 0.5671375308512314)	(4.0, 0.49011885382205184)	(5.0, 0.3763412627562184)	(6.0, 0.3518353200651158)	(7.0, 0.3063242836387824)	(8.0, 0.29407131229323114)	(9.0, 0.24812266974741376)	('>10', 3.9227012550543505)	('>50', 1.8060004551103643)	('>100', 4.388751772304784)	('>500', 2.1801536872691627)	('>1k', 9.328887255159376)	('>5k', 20.364875982425737)	('>10k+', 52.8619440214252)
sample13229_S45_L001_R2_001	(1.0, 4.066673668364578)	(2.0, 0.46998897232578896)	(3.0, 0.3006354040854907)	(4.0, 0.225804757653731)	(5.0, 0.15097411122197132)	(6.0, 0.1759176600325579)	(7.0, 0.16235187032855466)	(8.0, 0.10852631763202576)	(9.0, 0.11027674210996168)	('>10', 2.3586969840186245)	('>50', 1.4572283778816362)	('>100', 3.763412627562184)	('>500', 0.9141591836020235)	('>1k', 6.719879570795919)	('>5k', 3.0566787445955645)	('>10k+', 75.95879500778939)
sample13230_S46_L001_R1_001	(1.0, 3.193379768343775)	(2.0, 1.2244315602422922)	(3.0, 0.8949764582279467)	(4.0, 0.6225923187672672)	(5.0, 0.5253122689598817)	(6.0, 0.35799058329117867)	(7.0, 0.4358146231370871)	(8.0, 0.37355539126036036)	(9.0, 0.2101249075839527)	('>10', 5.123415956522303)	('>50', 1.888530033594044)	('>100', 7.609894029599077)	('>500', 6.136425541849878)	('>1k', 44.33376136555249)	('>5k', 12.778707342698159)	('>10k+', 14.291087850370312)
sample13230_S46_L001_R2_001	(1.0, 7.709768214067993)	(2.0, 0.8275289570281593)	(3.0, 0.4786178450523366)	(4.0, 0.4928855856907532)	(5.0, 0.324266832691285)	(6.0, 0.28016654344527026)	(7.0, 0.3813377952449512)	(8.0, 0.342425775321997)	(9.0, 0.23347211953772523)	('>10', 3.826348625757163)	('>50', 2.0701194599011634)	('>100', 4.324422480770976)	('>500', 1.530539450302865)	('>1k', 13.331258025604109)	('>5k', 7.748680233990947)	('>10k+', 56.098162055592304)
sample13231_S47_L001_R1_001	(1.0, 2.413240370148197)	(2.0, 0.9263538829175231)	(3.0, 0.5841339771263362)	(4.0, 0.5113630776190149)	(5.0, 0.3245188761812979)	(6.0, 0.30091750336811257)	(7.0, 0.2065120121153714)	(8.0, 0.236013728131853)	(9.0, 0.20356184051372322)	('>10', 4.332818692287268)	('>50', 2.708257530313013)	('>100', 7.184651240547159)	('>500', 5.839372990195597)	('>1k', 21.61787410634385)	('>5k', 0.0)	('>10k+', 52.61041017219168)
sample13231_S47_L001_R2_001	(1.0, 4.2511972779750025)	(2.0, 0.5703665096519781)	(3.0, 0.345170077392835)	(4.0, 0.2792829116226927)	(5.0, 0.2261798227930258)	(6.0, 0.22421304172526038)	(7.0, 0.151442142217939)	(8.0, 0.10227261552380297)	(9.0, 0.15045875168405629)	('>10', 3.2943582885071145)	('>50', 1.8015714580731443)	('>100', 4.551131390809232)	('>500', 3.0730954183835024)	('>1k', 4.796979024279912)	('>5k', 4.927769965286314)	('>10k+', 71.25451130407419)
sample13232_S48_L001_R1_001	(1.0, 1.8122739987719179)	(2.0, 0.7786381933547111)	(3.0, 0.5654294876168383)	(4.0, 0.4434741079347752)	(5.0, 0.4072286279593368)	(6.0, 0.3044620317936822)	(7.0, 0.29252234427236135)	(8.0, 0.2729071433444771)	(9.0, 0.2225898887903391)	('>10', 3.6484273725864775)	('>50', 1.4549362079552433)	('>100', 4.715323736098792)	('>500', 2.615217984580746)	('>1k', 11.216483591458006)	('>5k', 30.458142866889542)	('>10k+', 40.791942416592754)
sample13232_S48_L001_R2_001	(1.0, 3.634782015419254)	(2.0, 0.46223647403970797)	(3.0, 0.22514839325919353)	(4.0, 0.184212321757522)	(5.0, 0.15990652930340452)	(6.0, 0.13304223238043256)	(7.0, 0.0985024220508972)	(8.0, 0.10234017875417889)	(9.0, 0.057566350549225626)	('>10', 2.2446612540083235)	('>50', 1.451951286074913)	('>100', 3.404516613222351)	('>500', 0.927884287371222)	('>1k', 7.279371631302449)	('>5k', 0.0)	('>10k+', 79.63387801050692)
sample13233_S49_L001_R1_001	(1.0, 1.54517105677686)	(2.0, 0.5892341291242384)	(3.0, 0.39727248941407645)	(4.0, 0.2920807146633062)	(5.0, 0.2696540418738019)	(6.0, 0.21465529669954134)	(7.0, 0.19623338690816275)	(8.0, 0.1879568767120362)	(9.0, 0.17420719041847105)	('>10', 3.058837977968464)	('>50', 1.3964608574464563)	('>100', 4.933200553191262)	('>500', 3.2804348638647562)	('>1k', 13.392060957832516)	('>5k', 9.428814002787316)	('>10k+', 60.64372560431873)
sample13233_S49_L001_R2_001	(1.0, 2.5140567181234212)	(2.0, 0.3534870806345681)	(3.0, 0.223465775295418)	(4.0, 0.1895587819112865)	(5.0, 0.12481511344158652)	(6.0, 0.13295813153777558)	(7.0, 0.11213336394752157)	(8.0, 0.0939784383560181)	(9.0, 0.08650288075951665)	('>10', 2.099296763617529)	('>50', 1.2303966851241743)	('>100', 3.2116864323969305)	('>500', 0.9898439210367531)	('>1k', 4.367461033656028)	('>5k', 1.6722555359173843)	('>10k+', 82.5981033442441)
sample13234_S50_L001_R1_001	(1.0, 5.408338292435327)	(2.0, 1.4282213743130185)	(3.0, 0.9136416144502397)	(4.0, 0.8261280498477264)	(5.0, 0.6651030909791017)	(6.0, 0.58809115412889)	(7.0, 0.4655721636853712)	(8.0, 0.5600868134560857)	(9.0, 0.5985927818811916)	('>10', 9.640494276612875)	('>50', 7.998739804669724)	('>100', 17.50971400567088)	('>500', 9.868029544579409)	('>1k', 43.52924703329016)	('>5k', 0.0)	('>10k+', 0.0)
sample13234_S50_L001_R2_001	(1.0, 6.539013547099801)	(2.0, 1.1341757972485735)	(3.0, 0.6300976651380964)	(4.0, 0.39206076941926)	(5.0, 0.28004340672804284)	(6.0, 0.44106836559666746)	(7.0, 0.5145797598627788)	(8.0, 0.28004340672804284)	(9.0, 0.3780585990828578)	('>10', 4.925263415829454)	('>50', 3.560051808030245)	('>100', 2.9404557706444496)	('>500', 4.858753106731544)	('>1k', 35.229460566387786)	('>5k', 0.0)	('>10k+', 37.8968740154724)
