Sample	0	1	2	3	4	5	6	7	8	9	10	11	12	13
sample5278_S71_L001_R1_001	(28.0, 4.0)	(29.0, 29.0)	(30.0, 128.0)	(31.0, 450.0)	(32.0, 1043.0)	(33.0, 2324.0)	(34.0, 4312.0)	(35.0, 7706.0)	(36.0, 14131.0)	(37.0, 61994.0)				
sample5278_S71_L001_R2_001	(26.0, 2.0)	(27.0, 15.0)	(28.0, 74.0)	(29.0, 314.0)	(30.0, 744.0)	(31.0, 1665.0)	(32.0, 3197.0)	(33.0, 5424.0)	(34.0, 9092.0)	(35.0, 16002.0)	(36.0, 30253.0)	(37.0, 25339.0)		
sample5279_S72_L001_R1_001	(27.0, 2.0)	(28.0, 4.0)	(29.0, 35.0)	(30.0, 141.0)	(31.0, 475.0)	(32.0, 1262.0)	(33.0, 2767.0)	(34.0, 5168.0)	(35.0, 9030.0)	(36.0, 17265.0)	(37.0, 73697.0)			
sample5279_S72_L001_R2_001	(26.0, 6.0)	(27.0, 27.0)	(28.0, 149.0)	(29.0, 440.0)	(30.0, 1090.0)	(31.0, 2188.0)	(32.0, 4135.0)	(33.0, 7158.0)	(34.0, 11760.0)	(35.0, 19758.0)	(36.0, 36626.0)	(37.0, 26509.0)		
sample5280_S73_L001_R1_001	(27.0, 3.0)	(28.0, 9.0)	(29.0, 48.0)	(30.0, 194.0)	(31.0, 674.0)	(32.0, 1681.0)	(33.0, 3353.0)	(34.0, 6339.0)	(35.0, 10776.0)	(36.0, 20317.0)	(37.0, 97522.0)			
sample5280_S73_L001_R2_001	(26.0, 2.0)	(27.0, 33.0)	(28.0, 110.0)	(29.0, 359.0)	(30.0, 845.0)	(31.0, 1821.0)	(32.0, 3541.0)	(33.0, 6445.0)	(34.0, 11275.0)	(35.0, 19772.0)	(36.0, 39484.0)	(37.0, 57229.0)		
sample5281_S74_L001_R1_001	(26.0, 1.0)	(27.0, 4.0)	(28.0, 9.0)	(29.0, 60.0)	(30.0, 167.0)	(31.0, 561.0)	(32.0, 1351.0)	(33.0, 3057.0)	(34.0, 5851.0)	(35.0, 9743.0)	(36.0, 18634.0)	(37.0, 90306.0)		
sample5281_S74_L001_R2_001	(27.0, 25.0)	(28.0, 93.0)	(29.0, 355.0)	(30.0, 844.0)	(31.0, 1751.0)	(32.0, 3402.0)	(33.0, 5926.0)	(34.0, 10142.0)	(35.0, 17790.0)	(36.0, 34862.0)	(37.0, 54554.0)			
sample5282_S75_L001_R1_001	(28.0, 6.0)	(29.0, 54.0)	(30.0, 150.0)	(31.0, 543.0)	(32.0, 1346.0)	(33.0, 2900.0)	(34.0, 5390.0)	(35.0, 9287.0)	(36.0, 17310.0)	(37.0, 80654.0)				
sample5282_S75_L001_R2_001	(26.0, 7.0)	(27.0, 33.0)	(28.0, 123.0)	(29.0, 312.0)	(30.0, 805.0)	(31.0, 1739.0)	(32.0, 3289.0)	(33.0, 5553.0)	(34.0, 9474.0)	(35.0, 16553.0)	(36.0, 32642.0)	(37.0, 47110.0)		
sample5428_S71_L001_R1_001	(28.0, 3.0)	(29.0, 24.0)	(30.0, 92.0)	(31.0, 340.0)	(32.0, 1004.0)	(33.0, 2630.0)	(34.0, 5566.0)	(35.0, 10715.0)	(36.0, 21933.0)	(37.0, 67806.0)				
sample5428_S71_L001_R2_001	(26.0, 2.0)	(27.0, 13.0)	(28.0, 61.0)	(29.0, 155.0)	(30.0, 334.0)	(31.0, 813.0)	(32.0, 1682.0)	(33.0, 3750.0)	(34.0, 7484.0)	(35.0, 15134.0)	(36.0, 34954.0)	(37.0, 45731.0)		
sample5429_S72_L001_R1_001	(28.0, 3.0)	(29.0, 32.0)	(30.0, 142.0)	(31.0, 421.0)	(32.0, 1327.0)	(33.0, 3320.0)	(34.0, 6930.0)	(35.0, 13089.0)	(36.0, 26676.0)	(37.0, 87316.0)				
sample5429_S72_L001_R2_001	(25.0, 1.0)	(26.0, 3.0)	(27.0, 24.0)	(28.0, 118.0)	(29.0, 263.0)	(30.0, 598.0)	(31.0, 1359.0)	(32.0, 2856.0)	(33.0, 5453.0)	(34.0, 10343.0)	(35.0, 20130.0)	(36.0, 45357.0)	(37.0, 52751.0)	
sample5430_S73_L001_R1_001	(27.0, 1.0)	(28.0, 1.0)	(29.0, 32.0)	(30.0, 118.0)	(31.0, 407.0)	(32.0, 1098.0)	(33.0, 2699.0)	(34.0, 5751.0)	(35.0, 10956.0)	(36.0, 22639.0)	(37.0, 95643.0)			
sample5430_S73_L001_R2_001	(26.0, 3.0)	(27.0, 19.0)	(28.0, 62.0)	(29.0, 153.0)	(30.0, 357.0)	(31.0, 835.0)	(32.0, 1758.0)	(33.0, 3826.0)	(34.0, 7607.0)	(35.0, 15084.0)	(36.0, 35118.0)	(37.0, 74523.0)		
sample5431_S74_L001_R1_001	(27.0, 2.0)	(28.0, 3.0)	(29.0, 36.0)	(30.0, 113.0)	(31.0, 418.0)	(32.0, 1068.0)	(33.0, 2729.0)	(34.0, 5885.0)	(35.0, 10640.0)	(36.0, 21596.0)	(37.0, 86700.0)			
sample5431_S74_L001_R2_001	(24.0, 1.0)	(25.0, 0.0)	(26.0, 2.0)	(27.0, 22.0)	(28.0, 87.0)	(29.0, 235.0)	(30.0, 506.0)	(31.0, 1032.0)	(32.0, 2001.0)	(33.0, 4107.0)	(34.0, 7768.0)	(35.0, 15104.0)	(36.0, 35337.0)	(37.0, 62988.0)
sample5432_S75_L001_R1_001	(29.0, 1.0)	(30.0, 2.0)	(31.0, 4.0)	(32.0, 8.0)	(33.0, 16.0)	(34.0, 20.0)	(35.0, 46.0)	(36.0, 66.0)	(37.0, 115.0)					
sample5432_S75_L001_R2_001	(29.0, 2.0)	(30.0, 3.0)	(31.0, 10.0)	(32.0, 15.0)	(33.0, 14.0)	(34.0, 34.0)	(35.0, 46.0)	(36.0, 75.0)	(37.0, 79.0)					
sample5926_S101_L001_R1_001	(27.0, 1.0)	(28.0, 8.0)	(29.0, 41.0)	(30.0, 118.0)	(31.0, 415.0)	(32.0, 1098.0)	(33.0, 2405.0)	(34.0, 4613.0)	(35.0, 8106.0)	(36.0, 15709.0)	(37.0, 79252.0)			
sample5926_S101_L001_R2_001	(26.0, 3.0)	(27.0, 25.0)	(28.0, 97.0)	(29.0, 282.0)	(30.0, 767.0)	(31.0, 1548.0)	(32.0, 2886.0)	(33.0, 5263.0)	(34.0, 9607.0)	(35.0, 21170.0)	(36.0, 50627.0)	(37.0, 19491.0)		
sample5927_S102_L001_R1_001	(28.0, 4.0)	(29.0, 25.0)	(30.0, 133.0)	(31.0, 378.0)	(32.0, 961.0)	(33.0, 2123.0)	(34.0, 4075.0)	(35.0, 7201.0)	(36.0, 13619.0)	(37.0, 67725.0)				
sample5927_S102_L001_R2_001	(26.0, 8.0)	(27.0, 16.0)	(28.0, 70.0)	(29.0, 229.0)	(30.0, 615.0)	(31.0, 1223.0)	(32.0, 2373.0)	(33.0, 4340.0)	(34.0, 8089.0)	(35.0, 18029.0)	(36.0, 44045.0)	(37.0, 17207.0)		
sample5928_S103_L001_R1_001	(27.0, 3.0)	(28.0, 10.0)	(29.0, 38.0)	(30.0, 117.0)	(31.0, 354.0)	(32.0, 1026.0)	(33.0, 2232.0)	(34.0, 4231.0)	(35.0, 7449.0)	(36.0, 14201.0)	(37.0, 71832.0)			
sample5928_S103_L001_R2_001	(25.0, 1.0)	(26.0, 7.0)	(27.0, 16.0)	(28.0, 73.0)	(29.0, 256.0)	(30.0, 625.0)	(31.0, 1246.0)	(32.0, 2348.0)	(33.0, 4321.0)	(34.0, 8116.0)	(35.0, 18351.0)	(36.0, 46140.0)	(37.0, 19993.0)	
sample5929_S104_L001_R1_001	(26.0, 1.0)	(27.0, 0.0)	(28.0, 6.0)	(29.0, 36.0)	(30.0, 126.0)	(31.0, 373.0)	(32.0, 988.0)	(33.0, 2300.0)	(34.0, 4475.0)	(35.0, 7786.0)	(36.0, 14778.0)	(37.0, 74503.0)		
sample5929_S104_L001_R2_001	(25.0, 1.0)	(26.0, 5.0)	(27.0, 28.0)	(28.0, 82.0)	(29.0, 271.0)	(30.0, 661.0)	(31.0, 1467.0)	(32.0, 2675.0)	(33.0, 4915.0)	(34.0, 8756.0)	(35.0, 19736.0)	(36.0, 46790.0)	(37.0, 19985.0)	
sample5930_S105_L001_R1_001	(28.0, 4.0)	(29.0, 27.0)	(30.0, 114.0)	(31.0, 427.0)	(32.0, 1047.0)	(33.0, 2305.0)	(34.0, 4460.0)	(35.0, 8003.0)	(36.0, 15513.0)	(37.0, 79917.0)				
sample5930_S105_L001_R2_001	(26.0, 3.0)	(27.0, 26.0)	(28.0, 81.0)	(29.0, 258.0)	(30.0, 651.0)	(31.0, 1506.0)	(32.0, 2815.0)	(33.0, 5129.0)	(34.0, 9815.0)	(35.0, 22323.0)	(36.0, 50259.0)	(37.0, 18951.0)		
sample6076_S81_L001_R1_001	(28.0, 7.0)	(29.0, 29.0)	(30.0, 119.0)	(31.0, 329.0)	(32.0, 946.0)	(33.0, 2330.0)	(34.0, 5278.0)	(35.0, 10375.0)	(36.0, 23118.0)	(37.0, 68125.0)				
sample6076_S81_L001_R2_001	(25.0, 1.0)	(26.0, 9.0)	(27.0, 32.0)	(28.0, 101.0)	(29.0, 234.0)	(30.0, 525.0)	(31.0, 990.0)	(32.0, 2039.0)	(33.0, 3911.0)	(34.0, 7593.0)	(35.0, 15302.0)	(36.0, 41633.0)	(37.0, 38286.0)	
sample6077_S82_L001_R1_001	(28.0, 5.0)	(29.0, 28.0)	(30.0, 120.0)	(31.0, 396.0)	(32.0, 1097.0)	(33.0, 2442.0)	(34.0, 5258.0)	(35.0, 10161.0)	(36.0, 21831.0)	(37.0, 63008.0)				
sample6077_S82_L001_R2_001	(25.0, 1.0)	(26.0, 7.0)	(27.0, 33.0)	(28.0, 79.0)	(29.0, 186.0)	(30.0, 509.0)	(31.0, 928.0)	(32.0, 1880.0)	(33.0, 3578.0)	(34.0, 6923.0)	(35.0, 14617.0)	(36.0, 39451.0)	(37.0, 36154.0)	
sample6078_S83_L001_R1_001	(28.0, 1.0)	(29.0, 16.0)	(30.0, 103.0)	(31.0, 341.0)	(32.0, 893.0)	(33.0, 2235.0)	(34.0, 4807.0)	(35.0, 9458.0)	(36.0, 20623.0)	(37.0, 61800.0)				
sample6078_S83_L001_R2_001	(26.0, 5.0)	(27.0, 33.0)	(28.0, 77.0)	(29.0, 202.0)	(30.0, 421.0)	(31.0, 794.0)	(32.0, 1605.0)	(33.0, 3109.0)	(34.0, 6185.0)	(35.0, 13312.0)	(36.0, 36871.0)	(37.0, 37663.0)		
sample6079_S84_L001_R1_001	(27.0, 1.0)	(28.0, 3.0)	(29.0, 17.0)	(30.0, 93.0)	(31.0, 349.0)	(32.0, 995.0)	(33.0, 2497.0)	(34.0, 5274.0)	(35.0, 10485.0)	(36.0, 23227.0)	(37.0, 64567.0)			
sample6079_S84_L001_R2_001	(25.0, 3.0)	(26.0, 6.0)	(27.0, 22.0)	(28.0, 97.0)	(29.0, 220.0)	(30.0, 440.0)	(31.0, 904.0)	(32.0, 1769.0)	(33.0, 3726.0)	(34.0, 7175.0)	(35.0, 15372.0)	(36.0, 40811.0)	(37.0, 36963.0)	
sample6080_S85_L001_R1_001	(28.0, 2.0)	(29.0, 20.0)	(30.0, 95.0)	(31.0, 306.0)	(32.0, 843.0)	(33.0, 2076.0)	(34.0, 4640.0)	(35.0, 9886.0)	(36.0, 22454.0)	(37.0, 60537.0)				
sample6080_S85_L001_R2_001	(25.0, 1.0)	(26.0, 4.0)	(27.0, 16.0)	(28.0, 56.0)	(29.0, 172.0)	(30.0, 384.0)	(31.0, 883.0)	(32.0, 1819.0)	(33.0, 3781.0)	(34.0, 7899.0)	(35.0, 17019.0)	(36.0, 41562.0)	(37.0, 27263.0)	
sample6285_S140_L001_R1_001	(28.0, 1.0)	(29.0, 9.0)	(30.0, 39.0)	(31.0, 110.0)	(32.0, 326.0)	(33.0, 639.0)	(34.0, 1228.0)	(35.0, 2156.0)	(36.0, 4452.0)	(37.0, 25218.0)				
sample6285_S140_L001_R2_001	(26.0, 5.0)	(27.0, 7.0)	(28.0, 24.0)	(29.0, 81.0)	(30.0, 223.0)	(31.0, 396.0)	(32.0, 827.0)	(33.0, 1459.0)	(34.0, 2638.0)	(35.0, 4799.0)	(36.0, 11643.0)	(37.0, 12076.0)		
sample6286_S141_L001_R1_001	(29.0, 3.0)	(30.0, 8.0)	(31.0, 46.0)	(32.0, 97.0)	(33.0, 209.0)	(34.0, 359.0)	(35.0, 628.0)	(36.0, 1155.0)	(37.0, 6121.0)					
sample6286_S141_L001_R2_001	(27.0, 1.0)	(28.0, 2.0)	(29.0, 8.0)	(30.0, 37.0)	(31.0, 115.0)	(32.0, 203.0)	(33.0, 374.0)	(34.0, 584.0)	(35.0, 1206.0)	(36.0, 2712.0)	(37.0, 3384.0)			
sample6287_S142_L001_R1_001	(29.0, 3.0)	(30.0, 8.0)	(31.0, 37.0)	(32.0, 81.0)	(33.0, 172.0)	(34.0, 355.0)	(35.0, 560.0)	(36.0, 1164.0)	(37.0, 5847.0)					
sample6287_S142_L001_R2_001	(28.0, 6.0)	(29.0, 19.0)	(30.0, 46.0)	(31.0, 90.0)	(32.0, 200.0)	(33.0, 347.0)	(34.0, 632.0)	(35.0, 1044.0)	(36.0, 2658.0)	(37.0, 3185.0)				
sample6288_S143_L001_R1_001	(29.0, 10.0)	(30.0, 28.0)	(31.0, 68.0)	(32.0, 167.0)	(33.0, 378.0)	(34.0, 743.0)	(35.0, 1278.0)	(36.0, 2673.0)	(37.0, 14724.0)					
sample6288_S143_L001_R2_001	(27.0, 7.0)	(28.0, 18.0)	(29.0, 36.0)	(30.0, 110.0)	(31.0, 228.0)	(32.0, 437.0)	(33.0, 833.0)	(34.0, 1479.0)	(35.0, 2765.0)	(36.0, 6211.0)	(37.0, 7945.0)			
sample6289_S144_L001_R1_001	(28.0, 1.0)	(29.0, 3.0)	(30.0, 8.0)	(31.0, 20.0)	(32.0, 54.0)	(33.0, 139.0)	(34.0, 253.0)	(35.0, 460.0)	(36.0, 1026.0)	(37.0, 5704.0)				
sample6289_S144_L001_R2_001	(28.0, 9.0)	(29.0, 16.0)	(30.0, 41.0)	(31.0, 108.0)	(32.0, 217.0)	(33.0, 383.0)	(34.0, 694.0)	(35.0, 1215.0)	(36.0, 2703.0)	(37.0, 2282.0)				
sample6290_S145_L001_R1_001	(27.0, 1.0)	(28.0, 6.0)	(29.0, 27.0)	(30.0, 93.0)	(31.0, 330.0)	(32.0, 769.0)	(33.0, 1591.0)	(34.0, 2912.0)	(35.0, 4931.0)	(36.0, 9598.0)	(37.0, 51411.0)			
sample6290_S145_L001_R2_001	(26.0, 3.0)	(27.0, 12.0)	(28.0, 55.0)	(29.0, 192.0)	(30.0, 424.0)	(31.0, 906.0)	(32.0, 1685.0)	(33.0, 3020.0)	(34.0, 5177.0)	(35.0, 9662.0)	(36.0, 23717.0)	(37.0, 26816.0)		
sample6291_S146_L001_R1_001	(29.0, 14.0)	(30.0, 47.0)	(31.0, 147.0)	(32.0, 377.0)	(33.0, 715.0)	(34.0, 1316.0)	(35.0, 2218.0)	(36.0, 4372.0)	(37.0, 20723.0)					
sample6291_S146_L001_R2_001	(26.0, 1.0)	(27.0, 9.0)	(28.0, 28.0)	(29.0, 65.0)	(30.0, 182.0)	(31.0, 371.0)	(32.0, 700.0)	(33.0, 1369.0)	(34.0, 2442.0)	(35.0, 4548.0)	(36.0, 10024.0)	(37.0, 10190.0)		
sample6292_S147_L001_R1_001	(28.0, 3.0)	(29.0, 15.0)	(30.0, 60.0)	(31.0, 173.0)	(32.0, 483.0)	(33.0, 937.0)	(34.0, 1764.0)	(35.0, 3011.0)	(36.0, 6109.0)	(37.0, 29984.0)				
sample6292_S147_L001_R2_001	(27.0, 6.0)	(28.0, 32.0)	(29.0, 96.0)	(30.0, 218.0)	(31.0, 495.0)	(32.0, 1038.0)	(33.0, 1852.0)	(34.0, 3293.0)	(35.0, 6104.0)	(36.0, 14707.0)	(37.0, 14698.0)			
sample6293_S148_L001_R1_001	(28.0, 5.0)	(29.0, 14.0)	(30.0, 96.0)	(31.0, 283.0)	(32.0, 756.0)	(33.0, 1617.0)	(34.0, 3002.0)	(35.0, 5201.0)	(36.0, 10184.0)	(37.0, 50016.0)				
sample6293_S148_L001_R2_001	(25.0, 1.0)	(26.0, 1.0)	(27.0, 15.0)	(28.0, 42.0)	(29.0, 146.0)	(30.0, 452.0)	(31.0, 991.0)	(32.0, 1821.0)	(33.0, 3387.0)	(34.0, 5759.0)	(35.0, 10900.0)	(36.0, 24890.0)	(37.0, 22769.0)	
sample6294_S149_L001_R1_001	(28.0, 3.0)	(29.0, 18.0)	(30.0, 81.0)	(31.0, 258.0)	(32.0, 651.0)	(33.0, 1209.0)	(34.0, 2263.0)	(35.0, 4043.0)	(36.0, 7703.0)	(37.0, 40897.0)				
sample6294_S149_L001_R2_001	(25.0, 1.0)	(26.0, 4.0)	(27.0, 12.0)	(28.0, 38.0)	(29.0, 154.0)	(30.0, 359.0)	(31.0, 670.0)	(32.0, 1408.0)	(33.0, 2504.0)	(34.0, 4360.0)	(35.0, 8086.0)	(36.0, 18866.0)	(37.0, 20664.0)	
sample6615_S140_L001_R1_001	(31.0, 1.0)	(32.0, 11.0)	(33.0, 26.0)	(34.0, 55.0)	(35.0, 89.0)	(36.0, 244.0)	(37.0, 807.0)							
sample6615_S140_L001_R2_001	(28.0, 1.0)	(29.0, 3.0)	(30.0, 5.0)	(31.0, 10.0)	(32.0, 25.0)	(33.0, 42.0)	(34.0, 74.0)	(35.0, 202.0)	(36.0, 481.0)	(37.0, 390.0)				
sample6616_S141_L001_R1_001	(30.0, 1.0)	(31.0, 1.0)	(32.0, 8.0)	(33.0, 5.0)	(34.0, 16.0)	(35.0, 30.0)	(36.0, 39.0)	(37.0, 160.0)						
sample6616_S141_L001_R2_001	(28.0, 1.0)	(29.0, 2.0)	(30.0, 1.0)	(31.0, 1.0)	(32.0, 8.0)	(33.0, 13.0)	(34.0, 16.0)	(35.0, 31.0)	(36.0, 56.0)	(37.0, 131.0)				
sample6617_S142_L001_R1_001	(29.0, 1.0)	(30.0, 2.0)	(31.0, 4.0)	(32.0, 23.0)	(33.0, 49.0)	(34.0, 100.0)	(35.0, 197.0)	(36.0, 411.0)	(37.0, 1550.0)					
sample6617_S142_L001_R2_001	(29.0, 3.0)	(30.0, 5.0)	(31.0, 29.0)	(32.0, 24.0)	(33.0, 88.0)	(34.0, 148.0)	(35.0, 361.0)	(36.0, 967.0)	(37.0, 712.0)					
sample6618_S143_L001_R1_001	(29.0, 2.0)	(30.0, 4.0)	(31.0, 7.0)	(32.0, 24.0)	(33.0, 58.0)	(34.0, 107.0)	(35.0, 227.0)	(36.0, 471.0)	(37.0, 1412.0)					
sample6618_S143_L001_R2_001	(28.0, 1.0)	(29.0, 5.0)	(30.0, 6.0)	(31.0, 25.0)	(32.0, 52.0)	(33.0, 98.0)	(34.0, 186.0)	(35.0, 380.0)	(36.0, 931.0)	(37.0, 628.0)				
sample6619_S144_L001_R1_001	(29.0, 1.0)	(30.0, 1.0)	(31.0, 9.0)	(32.0, 13.0)	(33.0, 35.0)	(34.0, 78.0)	(35.0, 137.0)	(36.0, 317.0)	(37.0, 891.0)					
sample6619_S144_L001_R2_001	(29.0, 2.0)	(30.0, 9.0)	(31.0, 14.0)	(32.0, 33.0)	(33.0, 51.0)	(34.0, 106.0)	(35.0, 221.0)	(36.0, 594.0)	(37.0, 452.0)					
sample6620_S145_L001_R1_001	(26.0, 1.0)	(27.0, 0.0)	(28.0, 3.0)	(29.0, 29.0)	(30.0, 74.0)	(31.0, 255.0)	(32.0, 706.0)	(33.0, 1801.0)	(34.0, 4079.0)	(35.0, 7660.0)	(36.0, 17103.0)	(37.0, 58464.0)		
sample6620_S145_L001_R2_001	(26.0, 7.0)	(27.0, 25.0)	(28.0, 90.0)	(29.0, 154.0)	(30.0, 387.0)	(31.0, 783.0)	(32.0, 1536.0)	(33.0, 3013.0)	(34.0, 5908.0)	(35.0, 12532.0)	(36.0, 35051.0)	(37.0, 30689.0)		
sample6621_S146_L001_R1_001	(28.0, 1.0)	(29.0, 11.0)	(30.0, 51.0)	(31.0, 203.0)	(32.0, 630.0)	(33.0, 1704.0)	(34.0, 3842.0)	(35.0, 7304.0)	(36.0, 16142.0)	(37.0, 57006.0)				
sample6621_S146_L001_R2_001	(26.0, 1.0)	(27.0, 23.0)	(28.0, 66.0)	(29.0, 193.0)	(30.0, 361.0)	(31.0, 818.0)	(32.0, 1690.0)	(33.0, 3202.0)	(34.0, 5935.0)	(35.0, 11975.0)	(36.0, 32595.0)	(37.0, 30035.0)		
sample6622_S147_L001_R1_001	(29.0, 8.0)	(30.0, 25.0)	(31.0, 102.0)	(32.0, 299.0)	(33.0, 748.0)	(34.0, 1633.0)	(35.0, 3110.0)	(36.0, 7092.0)	(37.0, 24346.0)					
sample6622_S147_L001_R2_001	(26.0, 1.0)	(27.0, 6.0)	(28.0, 20.0)	(29.0, 60.0)	(30.0, 150.0)	(31.0, 337.0)	(32.0, 670.0)	(33.0, 1313.0)	(34.0, 2607.0)	(35.0, 5933.0)	(36.0, 16290.0)	(37.0, 9976.0)		
sample6623_S148_L001_R1_001	(26.0, 1.0)	(27.0, 0.0)	(28.0, 0.0)	(29.0, 14.0)	(30.0, 65.0)	(31.0, 204.0)	(32.0, 633.0)	(33.0, 1772.0)	(34.0, 3941.0)	(35.0, 8001.0)	(36.0, 18201.0)	(37.0, 57624.0)		
sample6623_S148_L001_R2_001	(26.0, 4.0)	(27.0, 19.0)	(28.0, 51.0)	(29.0, 150.0)	(30.0, 368.0)	(31.0, 758.0)	(32.0, 1667.0)	(33.0, 3264.0)	(34.0, 6408.0)	(35.0, 14560.0)	(36.0, 35339.0)	(37.0, 27868.0)		
sample6624_S149_L001_R1_001	(28.0, 2.0)	(29.0, 15.0)	(30.0, 64.0)	(31.0, 258.0)	(32.0, 645.0)	(33.0, 1780.0)	(34.0, 3725.0)	(35.0, 7439.0)	(36.0, 15765.0)	(37.0, 55919.0)				
sample6624_S149_L001_R2_001	(26.0, 1.0)	(27.0, 10.0)	(28.0, 46.0)	(29.0, 119.0)	(30.0, 298.0)	(31.0, 683.0)	(32.0, 1530.0)	(33.0, 2977.0)	(34.0, 5533.0)	(35.0, 11280.0)	(36.0, 30136.0)	(37.0, 32999.0)		
