Sample	0	1	2	3	4	5	6	7	8	9	10	11	12	13	14	15	16	17	18	19	20	21	22	23	24	25	26	27	28	29	30	31	32	33	34	35	36	37	38	39	40
sample5278_S71_L001_R1_001	(50, 105.0)	(55, 93.0)	(60, 63.0)	(65, 137.0)	(70, 70.0)	(75, 384.0)	(80, 277.0)	(85, 231.0)	(90, 140.0)	(95, 100.0)	(100, 322.0)	(105, 170.0)	(110, 191.0)	(115, 227.0)	(120, 244.0)	(125, 244.0)	(130, 221.0)	(135, 257.0)	(140, 228.0)	(145, 207.0)	(150, 201.0)	(155, 173.0)	(160, 123.0)	(165, 341.0)	(170, 464.0)	(175, 247.0)	(180, 276.0)	(185, 321.0)	(190, 483.0)	(195, 387.0)	(200, 242.0)	(205, 291.0)	(210, 398.0)	(215, 343.0)	(220, 655.0)	(225, 838.0)	(230, 800.0)	(235, 951.0)	(240, 1660.0)	(245, 9978.0)	(250, 69038.0)
sample5278_S71_L001_R2_001	(50, 502.0)	(55, 361.0)	(60, 513.0)	(65, 243.0)	(70, 302.0)	(75, 326.0)	(80, 262.0)	(85, 305.0)	(90, 275.0)	(95, 461.0)	(100, 745.0)	(105, 467.0)	(110, 319.0)	(115, 381.0)	(120, 377.0)	(125, 342.0)	(130, 374.0)	(135, 544.0)	(140, 499.0)	(145, 682.0)	(150, 984.0)	(155, 916.0)	(160, 1058.0)	(165, 842.0)	(170, 1439.0)	(175, 1141.0)	(180, 1119.0)	(185, 1265.0)	(190, 1103.0)	(195, 1264.0)	(200, 1622.0)	(205, 2363.0)	(210, 3241.0)	(215, 2480.0)	(220, 2144.0)	(225, 5695.0)	(230, 5374.0)	(235, 3242.0)	(240, 1452.0)	(245, 4211.0)	(250, 40886.0)
sample5279_S72_L001_R1_001	(50, 123.0)	(55, 106.0)	(60, 91.0)	(65, 160.0)	(70, 66.0)	(75, 328.0)	(80, 266.0)	(85, 266.0)	(90, 156.0)	(95, 119.0)	(100, 311.0)	(105, 210.0)	(110, 238.0)	(115, 231.0)	(120, 281.0)	(125, 290.0)	(130, 261.0)	(135, 305.0)	(140, 266.0)	(145, 239.0)	(150, 213.0)	(155, 226.0)	(160, 165.0)	(165, 384.0)	(170, 523.0)	(175, 292.0)	(180, 339.0)	(185, 386.0)	(190, 568.0)	(195, 463.0)	(200, 276.0)	(205, 321.0)	(210, 476.0)	(215, 397.0)	(220, 864.0)	(225, 1047.0)	(230, 982.0)	(235, 1120.0)	(240, 1849.0)	(245, 14909.0)	(250, 79733.0)
sample5279_S72_L001_R2_001	(50, 670.0)	(55, 491.0)	(60, 598.0)	(65, 439.0)	(70, 395.0)	(75, 398.0)	(80, 384.0)	(85, 469.0)	(90, 333.0)	(95, 537.0)	(100, 924.0)	(105, 742.0)	(110, 699.0)	(115, 573.0)	(120, 430.0)	(125, 368.0)	(130, 720.0)	(135, 745.0)	(140, 817.0)	(145, 744.0)	(150, 1303.0)	(155, 1003.0)	(160, 1170.0)	(165, 1026.0)	(170, 1563.0)	(175, 1466.0)	(180, 1351.0)	(185, 1540.0)	(190, 1585.0)	(195, 1877.0)	(200, 1818.0)	(205, 2541.0)	(210, 4018.0)	(215, 2783.0)	(220, 3013.0)	(225, 6068.0)	(230, 7159.0)	(235, 4398.0)	(240, 1848.0)	(245, 5396.0)	(250, 45444.0)
sample5280_S73_L001_R1_001	(50, 190.0)	(55, 111.0)	(60, 170.0)	(65, 201.0)	(70, 80.0)	(75, 547.0)	(80, 361.0)	(85, 372.0)	(90, 197.0)	(95, 217.0)	(100, 426.0)	(105, 193.0)	(110, 348.0)	(115, 250.0)	(120, 328.0)	(125, 322.0)	(130, 355.0)	(135, 374.0)	(140, 296.0)	(145, 298.0)	(150, 170.0)	(155, 228.0)	(160, 171.0)	(165, 534.0)	(170, 594.0)	(175, 305.0)	(180, 373.0)	(185, 527.0)	(190, 821.0)	(195, 568.0)	(200, 312.0)	(205, 477.0)	(210, 476.0)	(215, 313.0)	(220, 1168.0)	(225, 1180.0)	(230, 1202.0)	(235, 1274.0)	(240, 2334.0)	(245, 6194.0)	(250, 116059.0)
sample5280_S73_L001_R2_001	(50, 398.0)	(55, 490.0)	(60, 656.0)	(65, 343.0)	(70, 287.0)	(75, 306.0)	(80, 446.0)	(85, 308.0)	(90, 330.0)	(95, 880.0)	(100, 649.0)	(105, 502.0)	(110, 339.0)	(115, 437.0)	(120, 362.0)	(125, 491.0)	(130, 290.0)	(135, 672.0)	(140, 508.0)	(145, 1113.0)	(150, 838.0)	(155, 1200.0)	(160, 854.0)	(165, 1107.0)	(170, 1396.0)	(175, 1045.0)	(180, 1390.0)	(185, 1363.0)	(190, 1287.0)	(195, 909.0)	(200, 1950.0)	(205, 3070.0)	(210, 3552.0)	(215, 2758.0)	(220, 3118.0)	(225, 8691.0)	(230, 5097.0)	(235, 4280.0)	(240, 2295.0)	(245, 4553.0)	(250, 80356.0)
sample5281_S74_L001_R1_001	(50, 163.0)	(55, 106.0)	(60, 143.0)	(65, 146.0)	(70, 81.0)	(75, 560.0)	(80, 302.0)	(85, 332.0)	(90, 135.0)	(95, 171.0)	(100, 364.0)	(105, 215.0)	(110, 301.0)	(115, 263.0)	(120, 257.0)	(125, 287.0)	(130, 319.0)	(135, 285.0)	(140, 259.0)	(145, 261.0)	(150, 158.0)	(155, 158.0)	(160, 135.0)	(165, 496.0)	(170, 503.0)	(175, 224.0)	(180, 277.0)	(185, 471.0)	(190, 715.0)	(195, 544.0)	(200, 285.0)	(205, 457.0)	(210, 462.0)	(215, 266.0)	(220, 1074.0)	(225, 1088.0)	(230, 1012.0)	(235, 1087.0)	(240, 2054.0)	(245, 5762.0)	(250, 107566.0)
sample5281_S74_L001_R2_001	(50, 438.0)	(55, 434.0)	(60, 624.0)	(65, 277.0)	(70, 352.0)	(75, 244.0)	(80, 340.0)	(85, 319.0)	(90, 263.0)	(95, 675.0)	(100, 818.0)	(105, 592.0)	(110, 309.0)	(115, 438.0)	(120, 364.0)	(125, 391.0)	(130, 219.0)	(135, 619.0)	(140, 574.0)	(145, 859.0)	(150, 840.0)	(155, 995.0)	(160, 828.0)	(165, 868.0)	(170, 1339.0)	(175, 952.0)	(180, 1096.0)	(185, 1170.0)	(190, 1077.0)	(195, 900.0)	(200, 1526.0)	(205, 2701.0)	(210, 3008.0)	(215, 2337.0)	(220, 2725.0)	(225, 7252.0)	(230, 4857.0)	(235, 3560.0)	(240, 1757.0)	(245, 3342.0)	(250, 77465.0)
sample5282_S75_L001_R1_001	(50, 158.0)	(55, 115.0)	(60, 128.0)	(65, 171.0)	(70, 71.0)	(75, 408.0)	(80, 270.0)	(85, 293.0)	(90, 141.0)	(95, 163.0)	(100, 356.0)	(105, 202.0)	(110, 265.0)	(115, 202.0)	(120, 255.0)	(125, 281.0)	(130, 296.0)	(135, 270.0)	(140, 244.0)	(145, 234.0)	(150, 157.0)	(155, 181.0)	(160, 117.0)	(165, 455.0)	(170, 509.0)	(175, 271.0)	(180, 292.0)	(185, 460.0)	(190, 683.0)	(195, 456.0)	(200, 267.0)	(205, 467.0)	(210, 462.0)	(215, 273.0)	(220, 1047.0)	(225, 1033.0)	(230, 1032.0)	(235, 1105.0)	(240, 1960.0)	(245, 5484.0)	(250, 96406.0)
sample5282_S75_L001_R2_001	(50, 512.0)	(55, 397.0)	(60, 516.0)	(65, 271.0)	(70, 297.0)	(75, 353.0)	(80, 248.0)	(85, 299.0)	(90, 322.0)	(95, 503.0)	(100, 745.0)	(105, 512.0)	(110, 329.0)	(115, 437.0)	(120, 337.0)	(125, 336.0)	(130, 342.0)	(135, 534.0)	(140, 493.0)	(145, 676.0)	(150, 842.0)	(155, 836.0)	(160, 793.0)	(165, 672.0)	(170, 1188.0)	(175, 904.0)	(180, 997.0)	(185, 1129.0)	(190, 1027.0)	(195, 1101.0)	(200, 1702.0)	(205, 2370.0)	(210, 3096.0)	(215, 2387.0)	(220, 2018.0)	(225, 6038.0)	(230, 5563.0)	(235, 3256.0)	(240, 1375.0)	(245, 4400.0)	(250, 67487.0)
sample5428_S71_L001_R1_001	(50, 116.0)	(55, 78.0)	(60, 66.0)	(65, 93.0)	(70, 77.0)	(75, 152.0)	(80, 209.0)	(85, 164.0)	(90, 349.0)	(95, 241.0)	(100, 234.0)	(105, 271.0)	(110, 249.0)	(115, 284.0)	(120, 234.0)	(125, 266.0)	(130, 233.0)	(135, 238.0)	(140, 330.0)	(145, 497.0)	(150, 429.0)	(155, 450.0)	(160, 521.0)	(165, 556.0)	(170, 563.0)	(175, 704.0)	(180, 682.0)	(185, 561.0)	(190, 661.0)	(195, 991.0)	(200, 943.0)	(205, 1097.0)	(210, 987.0)	(215, 1330.0)	(220, 1527.0)	(225, 1409.0)	(230, 1957.0)	(235, 2324.0)	(240, 2167.0)	(245, 11193.0)	(250, 74680.0)
sample5428_S71_L001_R2_001	(50, 301.0)	(55, 148.0)	(60, 319.0)	(65, 347.0)	(70, 294.0)	(75, 335.0)	(80, 411.0)	(85, 317.0)	(90, 348.0)	(95, 284.0)	(100, 353.0)	(105, 317.0)	(110, 331.0)	(115, 377.0)	(120, 383.0)	(125, 507.0)	(130, 425.0)	(135, 406.0)	(140, 370.0)	(145, 371.0)	(150, 545.0)	(155, 698.0)	(160, 769.0)	(165, 874.0)	(170, 860.0)	(175, 908.0)	(180, 1113.0)	(185, 1119.0)	(190, 1306.0)	(195, 1518.0)	(200, 1706.0)	(205, 2334.0)	(210, 2100.0)	(215, 2878.0)	(220, 3817.0)	(225, 3978.0)	(230, 3679.0)	(235, 3825.0)	(240, 4126.0)	(245, 9944.0)	(250, 55072.0)
sample5429_S72_L001_R1_001	(50, 119.0)	(55, 94.0)	(60, 51.0)	(65, 132.0)	(70, 114.0)	(75, 182.0)	(80, 260.0)	(85, 263.0)	(90, 485.0)	(95, 252.0)	(100, 242.0)	(105, 297.0)	(110, 283.0)	(115, 306.0)	(120, 309.0)	(125, 237.0)	(130, 289.0)	(135, 364.0)	(140, 435.0)	(145, 649.0)	(150, 398.0)	(155, 494.0)	(160, 586.0)	(165, 591.0)	(170, 666.0)	(175, 783.0)	(180, 804.0)	(185, 596.0)	(190, 852.0)	(195, 1418.0)	(200, 1289.0)	(205, 1263.0)	(210, 1420.0)	(215, 1703.0)	(220, 1773.0)	(225, 1744.0)	(230, 2332.0)	(235, 2957.0)	(240, 2603.0)	(245, 11108.0)	(250, 98513.0)
sample5429_S72_L001_R2_001	(50, 444.0)	(55, 249.0)	(60, 343.0)	(65, 362.0)	(70, 330.0)	(75, 416.0)	(80, 459.0)	(85, 474.0)	(90, 534.0)	(95, 476.0)	(100, 497.0)	(105, 373.0)	(110, 505.0)	(115, 525.0)	(120, 573.0)	(125, 585.0)	(130, 711.0)	(135, 590.0)	(140, 527.0)	(145, 560.0)	(150, 681.0)	(155, 912.0)	(160, 929.0)	(165, 1389.0)	(170, 1224.0)	(175, 1348.0)	(180, 1670.0)	(185, 1536.0)	(190, 1698.0)	(195, 2476.0)	(200, 2314.0)	(205, 3002.0)	(210, 2909.0)	(215, 3782.0)	(220, 4756.0)	(225, 5908.0)	(230, 5025.0)	(235, 4549.0)	(240, 5402.0)	(245, 14963.0)	(250, 63250.0)
sample5430_S73_L001_R1_001	(50, 176.0)	(55, 122.0)	(60, 91.0)	(65, 145.0)	(70, 71.0)	(75, 153.0)	(80, 238.0)	(85, 188.0)	(90, 334.0)	(95, 150.0)	(100, 349.0)	(105, 298.0)	(110, 239.0)	(115, 252.0)	(120, 214.0)	(125, 186.0)	(130, 234.0)	(135, 213.0)	(140, 349.0)	(145, 463.0)	(150, 378.0)	(155, 340.0)	(160, 400.0)	(165, 437.0)	(170, 469.0)	(175, 654.0)	(180, 637.0)	(185, 491.0)	(190, 673.0)	(195, 1427.0)	(200, 1078.0)	(205, 1073.0)	(210, 905.0)	(215, 1257.0)	(220, 1529.0)	(225, 1210.0)	(230, 1884.0)	(235, 2410.0)	(240, 2093.0)	(245, 12758.0)	(250, 102777.0)
sample5430_S73_L001_R2_001	(50, 374.0)	(55, 171.0)	(60, 303.0)	(65, 300.0)	(70, 276.0)	(75, 340.0)	(80, 457.0)	(85, 319.0)	(90, 309.0)	(95, 300.0)	(100, 305.0)	(105, 272.0)	(110, 254.0)	(115, 252.0)	(120, 333.0)	(125, 528.0)	(130, 372.0)	(135, 344.0)	(140, 300.0)	(145, 360.0)	(150, 496.0)	(155, 700.0)	(160, 862.0)	(165, 804.0)	(170, 804.0)	(175, 853.0)	(180, 1030.0)	(185, 863.0)	(190, 983.0)	(195, 1420.0)	(200, 2265.0)	(205, 1853.0)	(210, 1658.0)	(215, 2695.0)	(220, 3374.0)	(225, 3724.0)	(230, 3079.0)	(235, 3775.0)	(240, 4522.0)	(245, 18910.0)	(250, 78206.0)
sample5431_S74_L001_R1_001	(50, 121.0)	(55, 82.0)	(60, 69.0)	(65, 153.0)	(70, 71.0)	(75, 152.0)	(80, 239.0)	(85, 231.0)	(90, 363.0)	(95, 192.0)	(100, 315.0)	(105, 266.0)	(110, 216.0)	(115, 219.0)	(120, 219.0)	(125, 213.0)	(130, 194.0)	(135, 221.0)	(140, 338.0)	(145, 449.0)	(150, 317.0)	(155, 408.0)	(160, 466.0)	(165, 454.0)	(170, 527.0)	(175, 671.0)	(180, 583.0)	(185, 557.0)	(190, 678.0)	(195, 1278.0)	(200, 1014.0)	(205, 1027.0)	(210, 924.0)	(215, 1368.0)	(220, 1519.0)	(225, 1284.0)	(230, 1929.0)	(235, 2162.0)	(240, 1806.0)	(245, 18278.0)	(250, 87617.0)
sample5431_S74_L001_R2_001	(50, 444.0)	(55, 121.0)	(60, 318.0)	(65, 421.0)	(70, 311.0)	(75, 351.0)	(80, 464.0)	(85, 366.0)	(90, 525.0)	(95, 368.0)	(100, 354.0)	(105, 286.0)	(110, 306.0)	(115, 354.0)	(120, 392.0)	(125, 572.0)	(130, 421.0)	(135, 427.0)	(140, 375.0)	(145, 440.0)	(150, 589.0)	(155, 658.0)	(160, 713.0)	(165, 860.0)	(170, 944.0)	(175, 950.0)	(180, 1103.0)	(185, 972.0)	(190, 1033.0)	(195, 1446.0)	(200, 1924.0)	(205, 2114.0)	(210, 1789.0)	(215, 2826.0)	(220, 3764.0)	(225, 3730.0)	(230, 3420.0)	(235, 3803.0)	(240, 4264.0)	(245, 16832.0)	(250, 67840.0)
sample5432_S75_L001_R1_001	(55, 1.0)	(60, 0.0)	(65, 1.0)	(70, 0.0)	(75, 2.0)	(80, 0.0)	(85, 2.0)	(90, 2.0)	(95, 0.0)	(100, 1.0)	(105, 2.0)	(110, 1.0)	(115, 3.0)	(120, 0.0)	(125, 1.0)	(130, 0.0)	(135, 3.0)	(140, 2.0)	(145, 1.0)	(150, 0.0)	(155, 2.0)	(160, 0.0)	(165, 4.0)	(170, 5.0)	(175, 4.0)	(180, 3.0)	(185, 3.0)	(190, 3.0)	(195, 2.0)	(200, 4.0)	(205, 2.0)	(210, 2.0)	(215, 6.0)	(220, 7.0)	(225, 6.0)	(230, 5.0)	(235, 8.0)	(240, 7.0)	(245, 22.0)	(250, 161.0)	
sample5432_S75_L001_R2_001	(50, 4.0)	(55, 2.0)	(60, 2.0)	(65, 4.0)	(70, 4.0)	(75, 2.0)	(80, 2.0)	(85, 0.0)	(90, 3.0)	(95, 1.0)	(100, 1.0)	(105, 0.0)	(110, 3.0)	(115, 1.0)	(120, 3.0)	(125, 1.0)	(130, 3.0)	(135, 3.0)	(140, 3.0)	(145, 2.0)	(150, 2.0)	(155, 3.0)	(160, 5.0)	(165, 6.0)	(170, 0.0)	(175, 6.0)	(180, 5.0)	(185, 4.0)	(190, 3.0)	(195, 7.0)	(200, 1.0)	(205, 3.0)	(210, 2.0)	(215, 13.0)	(220, 11.0)	(225, 10.0)	(230, 7.0)	(235, 9.0)	(240, 7.0)	(245, 20.0)	(250, 110.0)
sample5926_S101_L001_R1_001	(50, 156.0)	(55, 66.0)	(60, 48.0)	(65, 116.0)	(70, 88.0)	(75, 146.0)	(80, 341.0)	(85, 170.0)	(90, 214.0)	(95, 115.0)	(100, 184.0)	(105, 239.0)	(110, 151.0)	(115, 193.0)	(120, 235.0)	(125, 420.0)	(130, 206.0)	(135, 306.0)	(140, 316.0)	(145, 266.0)	(150, 224.0)	(155, 134.0)	(160, 235.0)	(165, 288.0)	(170, 534.0)	(175, 290.0)	(180, 381.0)	(185, 361.0)	(190, 557.0)	(195, 643.0)	(200, 351.0)	(205, 257.0)	(210, 470.0)	(215, 571.0)	(220, 584.0)	(225, 1151.0)	(230, 758.0)	(235, 1359.0)	(240, 1610.0)	(245, 22017.0)	(250, 75015.0)
sample5926_S101_L001_R2_001	(50, 287.0)	(55, 226.0)	(60, 405.0)	(65, 199.0)	(70, 236.0)	(75, 271.0)	(80, 512.0)	(85, 345.0)	(90, 252.0)	(95, 542.0)	(100, 903.0)	(105, 664.0)	(110, 474.0)	(115, 326.0)	(120, 330.0)	(125, 350.0)	(130, 450.0)	(135, 829.0)	(140, 652.0)	(145, 1122.0)	(150, 1741.0)	(155, 1735.0)	(160, 1183.0)	(165, 866.0)	(170, 1687.0)	(175, 1058.0)	(180, 1790.0)	(185, 1794.0)	(190, 1159.0)	(195, 1865.0)	(200, 2183.0)	(205, 4629.0)	(210, 5376.0)	(215, 5420.0)	(220, 4050.0)	(225, 7697.0)	(230, 7251.0)	(235, 4393.0)	(240, 3501.0)	(245, 7618.0)	(250, 35395.0)
sample5927_S102_L001_R1_001	(50, 123.0)	(55, 65.0)	(60, 50.0)	(65, 125.0)	(70, 80.0)	(75, 152.0)	(80, 341.0)	(85, 149.0)	(90, 192.0)	(95, 75.0)	(100, 179.0)	(105, 211.0)	(110, 121.0)	(115, 172.0)	(120, 210.0)	(125, 269.0)	(130, 184.0)	(135, 271.0)	(140, 303.0)	(145, 249.0)	(150, 207.0)	(155, 141.0)	(160, 201.0)	(165, 305.0)	(170, 442.0)	(175, 263.0)	(180, 269.0)	(185, 302.0)	(190, 479.0)	(195, 527.0)	(200, 332.0)	(205, 249.0)	(210, 443.0)	(215, 501.0)	(220, 503.0)	(225, 945.0)	(230, 719.0)	(235, 1120.0)	(240, 1482.0)	(245, 18976.0)	(250, 64317.0)
sample5927_S102_L001_R2_001	(50, 313.0)	(55, 196.0)	(60, 335.0)	(65, 213.0)	(70, 222.0)	(75, 215.0)	(80, 317.0)	(85, 266.0)	(90, 210.0)	(95, 404.0)	(100, 787.0)	(105, 591.0)	(110, 460.0)	(115, 350.0)	(120, 349.0)	(125, 287.0)	(130, 492.0)	(135, 732.0)	(140, 726.0)	(145, 933.0)	(150, 1705.0)	(155, 1348.0)	(160, 1022.0)	(165, 846.0)	(170, 1367.0)	(175, 997.0)	(180, 1485.0)	(185, 1430.0)	(190, 1085.0)	(195, 1652.0)	(200, 2057.0)	(205, 3414.0)	(210, 4797.0)	(215, 4414.0)	(220, 3204.0)	(225, 5934.0)	(230, 7223.0)	(235, 3944.0)	(240, 2968.0)	(245, 7685.0)	(250, 29269.0)
sample5928_S103_L001_R1_001	(50, 165.0)	(55, 64.0)	(60, 54.0)	(65, 133.0)	(70, 90.0)	(75, 157.0)	(80, 371.0)	(85, 187.0)	(90, 241.0)	(95, 82.0)	(100, 177.0)	(105, 230.0)	(110, 143.0)	(115, 183.0)	(120, 196.0)	(125, 291.0)	(130, 210.0)	(135, 295.0)	(140, 318.0)	(145, 268.0)	(150, 194.0)	(155, 155.0)	(160, 191.0)	(165, 317.0)	(170, 505.0)	(175, 241.0)	(180, 308.0)	(185, 287.0)	(190, 491.0)	(195, 583.0)	(200, 310.0)	(205, 258.0)	(210, 463.0)	(215, 437.0)	(220, 475.0)	(225, 1051.0)	(230, 756.0)	(235, 1199.0)	(240, 1566.0)	(245, 18170.0)	(250, 69681.0)
sample5928_S103_L001_R2_001	(50, 371.0)	(55, 196.0)	(60, 347.0)	(65, 245.0)	(70, 188.0)	(75, 209.0)	(80, 388.0)	(85, 183.0)	(90, 263.0)	(95, 300.0)	(100, 744.0)	(105, 694.0)	(110, 490.0)	(115, 414.0)	(120, 322.0)	(125, 227.0)	(130, 435.0)	(135, 456.0)	(140, 883.0)	(145, 721.0)	(150, 1535.0)	(155, 1467.0)	(160, 1120.0)	(165, 828.0)	(170, 1115.0)	(175, 1030.0)	(180, 1394.0)	(185, 1258.0)	(190, 1174.0)	(195, 1360.0)	(200, 2606.0)	(205, 3093.0)	(210, 5395.0)	(215, 4396.0)	(220, 4015.0)	(225, 5238.0)	(230, 7546.0)	(235, 4609.0)	(240, 2560.0)	(245, 11118.0)	(250, 30560.0)
sample5929_S104_L001_R1_001	(50, 160.0)	(55, 75.0)	(60, 56.0)	(65, 154.0)	(70, 95.0)	(75, 183.0)	(80, 386.0)	(85, 188.0)	(90, 234.0)	(95, 74.0)	(100, 216.0)	(105, 222.0)	(110, 129.0)	(115, 193.0)	(120, 203.0)	(125, 276.0)	(130, 170.0)	(135, 295.0)	(140, 307.0)	(145, 253.0)	(150, 202.0)	(155, 148.0)	(160, 208.0)	(165, 282.0)	(170, 541.0)	(175, 250.0)	(180, 286.0)	(185, 319.0)	(190, 523.0)	(195, 635.0)	(200, 333.0)	(205, 254.0)	(210, 412.0)	(215, 506.0)	(220, 511.0)	(225, 937.0)	(230, 761.0)	(235, 1215.0)	(240, 1665.0)	(245, 18128.0)	(250, 73387.0)
sample5929_S104_L001_R2_001	(50, 432.0)	(55, 291.0)	(60, 374.0)	(65, 352.0)	(70, 188.0)	(75, 357.0)	(80, 468.0)	(85, 238.0)	(90, 620.0)	(95, 409.0)	(100, 854.0)	(105, 812.0)	(110, 462.0)	(115, 445.0)	(120, 329.0)	(125, 265.0)	(130, 574.0)	(135, 481.0)	(140, 963.0)	(145, 887.0)	(150, 1615.0)	(155, 1512.0)	(160, 1088.0)	(165, 1001.0)	(170, 1131.0)	(175, 1206.0)	(180, 1424.0)	(185, 1246.0)	(190, 1300.0)	(195, 1421.0)	(200, 3466.0)	(205, 3081.0)	(210, 5736.0)	(215, 4295.0)	(220, 4811.0)	(225, 5993.0)	(230, 7352.0)	(235, 4906.0)	(240, 3074.0)	(245, 8939.0)	(250, 30974.0)
sample5930_S105_L001_R1_001	(50, 135.0)	(55, 72.0)	(60, 55.0)	(65, 147.0)	(70, 104.0)	(75, 184.0)	(80, 436.0)	(85, 188.0)	(90, 195.0)	(95, 80.0)	(100, 196.0)	(105, 234.0)	(110, 122.0)	(115, 194.0)	(120, 241.0)	(125, 299.0)	(130, 197.0)	(135, 321.0)	(140, 360.0)	(145, 277.0)	(150, 204.0)	(155, 170.0)	(160, 219.0)	(165, 313.0)	(170, 514.0)	(175, 248.0)	(180, 300.0)	(185, 324.0)	(190, 488.0)	(195, 607.0)	(200, 299.0)	(205, 262.0)	(210, 433.0)	(215, 493.0)	(220, 598.0)	(225, 1063.0)	(230, 800.0)	(235, 1253.0)	(240, 1627.0)	(245, 18404.0)	(250, 79161.0)
sample5930_S105_L001_R2_001	(50, 419.0)	(55, 303.0)	(60, 289.0)	(65, 424.0)	(70, 201.0)	(75, 494.0)	(80, 367.0)	(85, 180.0)	(90, 559.0)	(95, 560.0)	(100, 760.0)	(105, 1057.0)	(110, 585.0)	(115, 563.0)	(120, 264.0)	(125, 312.0)	(130, 609.0)	(135, 538.0)	(140, 1108.0)	(145, 1004.0)	(150, 1646.0)	(155, 1866.0)	(160, 1048.0)	(165, 1174.0)	(170, 1250.0)	(175, 1242.0)	(180, 1534.0)	(185, 1287.0)	(190, 1681.0)	(195, 1541.0)	(200, 3963.0)	(205, 3229.0)	(210, 6263.0)	(215, 4671.0)	(220, 5268.0)	(225, 6790.0)	(230, 7121.0)	(235, 6018.0)	(240, 3131.0)	(245, 9315.0)	(250, 31183.0)
sample6076_S81_L001_R1_001	(50, 137.0)	(55, 83.0)	(60, 88.0)	(65, 65.0)	(70, 74.0)	(75, 186.0)	(80, 206.0)	(85, 165.0)	(90, 325.0)	(95, 284.0)	(100, 180.0)	(105, 210.0)	(110, 261.0)	(115, 290.0)	(120, 224.0)	(125, 189.0)	(130, 224.0)	(135, 184.0)	(140, 353.0)	(145, 433.0)	(150, 375.0)	(155, 440.0)	(160, 377.0)	(165, 394.0)	(170, 444.0)	(175, 572.0)	(180, 603.0)	(185, 577.0)	(190, 811.0)	(195, 1334.0)	(200, 2331.0)	(205, 1036.0)	(210, 1126.0)	(215, 1180.0)	(220, 1828.0)	(225, 1281.0)	(230, 1958.0)	(235, 3138.0)	(240, 2545.0)	(245, 7794.0)	(250, 76351.0)
sample6076_S81_L001_R2_001	(50, 461.0)	(55, 172.0)	(60, 279.0)	(65, 406.0)	(70, 253.0)	(75, 252.0)	(80, 415.0)	(85, 251.0)	(90, 299.0)	(95, 289.0)	(100, 295.0)	(105, 292.0)	(110, 319.0)	(115, 307.0)	(120, 379.0)	(125, 529.0)	(130, 537.0)	(135, 384.0)	(140, 354.0)	(145, 349.0)	(150, 604.0)	(155, 632.0)	(160, 834.0)	(165, 782.0)	(170, 943.0)	(175, 1154.0)	(180, 1032.0)	(185, 1409.0)	(190, 1520.0)	(195, 1668.0)	(200, 2024.0)	(205, 2477.0)	(210, 2141.0)	(215, 3318.0)	(220, 4976.0)	(225, 4692.0)	(230, 4211.0)	(235, 4752.0)	(240, 6388.0)	(245, 9847.0)	(250, 48430.0)
sample6077_S82_L001_R1_001	(50, 165.0)	(55, 109.0)	(60, 105.0)	(65, 100.0)	(70, 105.0)	(75, 187.0)	(80, 237.0)	(85, 204.0)	(90, 333.0)	(95, 368.0)	(100, 175.0)	(105, 207.0)	(110, 251.0)	(115, 348.0)	(120, 212.0)	(125, 181.0)	(130, 257.0)	(135, 206.0)	(140, 330.0)	(145, 506.0)	(150, 395.0)	(155, 417.0)	(160, 388.0)	(165, 402.0)	(170, 518.0)	(175, 567.0)	(180, 626.0)	(185, 560.0)	(190, 1046.0)	(195, 1160.0)	(200, 1643.0)	(205, 1010.0)	(210, 1088.0)	(215, 1023.0)	(220, 1749.0)	(225, 1293.0)	(230, 1838.0)	(235, 2907.0)	(240, 2203.0)	(245, 8718.0)	(250, 70209.0)
sample6077_S82_L001_R2_001	(50, 346.0)	(55, 218.0)	(60, 240.0)	(65, 426.0)	(70, 270.0)	(75, 219.0)	(80, 350.0)	(85, 266.0)	(90, 312.0)	(95, 306.0)	(100, 299.0)	(105, 332.0)	(110, 274.0)	(115, 326.0)	(120, 356.0)	(125, 481.0)	(130, 521.0)	(135, 386.0)	(140, 362.0)	(145, 370.0)	(150, 567.0)	(155, 646.0)	(160, 747.0)	(165, 726.0)	(170, 964.0)	(175, 1262.0)	(180, 1274.0)	(185, 1689.0)	(190, 1483.0)	(195, 1536.0)	(200, 2240.0)	(205, 2889.0)	(210, 2267.0)	(215, 3583.0)	(220, 4994.0)	(225, 4706.0)	(230, 4221.0)	(235, 4188.0)	(240, 5741.0)	(245, 9227.0)	(250, 42736.0)
sample6078_S83_L001_R1_001	(50, 154.0)	(55, 116.0)	(60, 84.0)	(65, 91.0)	(70, 87.0)	(75, 166.0)	(80, 203.0)	(85, 207.0)	(90, 320.0)	(95, 323.0)	(100, 161.0)	(105, 181.0)	(110, 234.0)	(115, 306.0)	(120, 183.0)	(125, 187.0)	(130, 255.0)	(135, 164.0)	(140, 318.0)	(145, 407.0)	(150, 346.0)	(155, 397.0)	(160, 384.0)	(165, 411.0)	(170, 469.0)	(175, 487.0)	(180, 498.0)	(185, 546.0)	(190, 797.0)	(195, 949.0)	(200, 1079.0)	(205, 841.0)	(210, 894.0)	(215, 1016.0)	(220, 1667.0)	(225, 1247.0)	(230, 1691.0)	(235, 2791.0)	(240, 2294.0)	(245, 8257.0)	(250, 69069.0)
sample6078_S83_L001_R2_001	(50, 265.0)	(55, 156.0)	(60, 161.0)	(65, 335.0)	(70, 216.0)	(75, 284.0)	(80, 262.0)	(85, 260.0)	(90, 262.0)	(95, 302.0)	(100, 293.0)	(105, 301.0)	(110, 284.0)	(115, 286.0)	(120, 331.0)	(125, 381.0)	(130, 493.0)	(135, 321.0)	(140, 357.0)	(145, 284.0)	(150, 488.0)	(155, 584.0)	(160, 673.0)	(165, 727.0)	(170, 961.0)	(175, 1000.0)	(180, 969.0)	(185, 1209.0)	(190, 1322.0)	(195, 1438.0)	(200, 1937.0)	(205, 2366.0)	(210, 2199.0)	(215, 2954.0)	(220, 4476.0)	(225, 4503.0)	(230, 4197.0)	(235, 3863.0)	(240, 5844.0)	(245, 9540.0)	(250, 43193.0)
sample6079_S84_L001_R1_001	(50, 137.0)	(55, 85.0)	(60, 105.0)	(65, 82.0)	(70, 94.0)	(75, 162.0)	(80, 195.0)	(85, 174.0)	(90, 352.0)	(95, 398.0)	(100, 159.0)	(105, 235.0)	(110, 249.0)	(115, 330.0)	(120, 223.0)	(125, 214.0)	(130, 249.0)	(135, 170.0)	(140, 316.0)	(145, 566.0)	(150, 471.0)	(155, 439.0)	(160, 447.0)	(165, 452.0)	(170, 465.0)	(175, 534.0)	(180, 649.0)	(185, 654.0)	(190, 907.0)	(195, 1293.0)	(200, 2160.0)	(205, 1031.0)	(210, 1152.0)	(215, 1116.0)	(220, 1822.0)	(225, 1555.0)	(230, 2129.0)	(235, 3229.0)	(240, 3253.0)	(245, 11732.0)	(250, 67523.0)
sample6079_S84_L001_R2_001	(50, 329.0)	(55, 193.0)	(60, 161.0)	(65, 381.0)	(70, 292.0)	(75, 340.0)	(80, 340.0)	(85, 345.0)	(90, 340.0)	(95, 467.0)	(100, 441.0)	(105, 407.0)	(110, 424.0)	(115, 507.0)	(120, 494.0)	(125, 436.0)	(130, 564.0)	(135, 395.0)	(140, 417.0)	(145, 385.0)	(150, 647.0)	(155, 703.0)	(160, 836.0)	(165, 982.0)	(170, 1035.0)	(175, 1183.0)	(180, 1146.0)	(185, 1690.0)	(190, 1635.0)	(195, 1862.0)	(200, 2089.0)	(205, 2951.0)	(210, 2887.0)	(215, 3317.0)	(220, 4895.0)	(225, 5084.0)	(230, 4665.0)	(235, 4366.0)	(240, 5981.0)	(245, 16878.0)	(250, 35018.0)
sample6080_S85_L001_R1_001	(50, 137.0)	(55, 90.0)	(60, 85.0)	(65, 55.0)	(70, 94.0)	(75, 115.0)	(80, 166.0)	(85, 131.0)	(90, 324.0)	(95, 288.0)	(100, 162.0)	(105, 181.0)	(110, 275.0)	(115, 336.0)	(120, 215.0)	(125, 170.0)	(130, 225.0)	(135, 205.0)	(140, 297.0)	(145, 427.0)	(150, 362.0)	(155, 425.0)	(160, 400.0)	(165, 418.0)	(170, 465.0)	(175, 498.0)	(180, 605.0)	(185, 560.0)	(190, 774.0)	(195, 1072.0)	(200, 1769.0)	(205, 976.0)	(210, 1130.0)	(215, 1059.0)	(220, 1842.0)	(225, 1339.0)	(230, 2000.0)	(235, 2996.0)	(240, 2591.0)	(245, 5823.0)	(250, 69777.0)
sample6080_S85_L001_R2_001	(50, 227.0)	(55, 205.0)	(60, 207.0)	(65, 474.0)	(70, 419.0)	(75, 499.0)	(80, 400.0)	(85, 356.0)	(90, 398.0)	(95, 517.0)	(100, 454.0)	(105, 416.0)	(110, 435.0)	(115, 504.0)	(120, 474.0)	(125, 451.0)	(130, 602.0)	(135, 453.0)	(140, 499.0)	(145, 470.0)	(150, 708.0)	(155, 784.0)	(160, 746.0)	(165, 990.0)	(170, 1192.0)	(175, 1310.0)	(180, 1286.0)	(185, 1819.0)	(190, 1646.0)	(195, 1755.0)	(200, 2172.0)	(205, 2575.0)	(210, 2958.0)	(215, 3499.0)	(220, 4669.0)	(225, 5391.0)	(230, 4470.0)	(235, 4754.0)	(240, 5836.0)	(245, 9484.0)	(250, 34355.0)
sample6285_S140_L001_R1_001	(50, 46.0)	(55, 31.0)	(60, 13.0)	(65, 51.0)	(70, 52.0)	(75, 36.0)	(80, 60.0)	(85, 51.0)	(90, 33.0)	(95, 55.0)	(100, 489.0)	(105, 78.0)	(110, 49.0)	(115, 46.0)	(120, 67.0)	(125, 46.0)	(130, 17.0)	(135, 50.0)	(140, 54.0)	(145, 36.0)	(150, 55.0)	(155, 38.0)	(160, 102.0)	(165, 158.0)	(170, 241.0)	(175, 91.0)	(180, 126.0)	(185, 78.0)	(190, 114.0)	(195, 187.0)	(200, 81.0)	(205, 72.0)	(210, 136.0)	(215, 83.0)	(220, 87.0)	(225, 151.0)	(230, 238.0)	(235, 323.0)	(240, 356.0)	(245, 791.0)	(250, 29310.0)
sample6285_S140_L001_R2_001	(50, 151.0)	(55, 102.0)	(60, 84.0)	(65, 137.0)	(70, 113.0)	(75, 93.0)	(80, 74.0)	(85, 85.0)	(90, 67.0)	(95, 91.0)	(100, 616.0)	(105, 161.0)	(110, 110.0)	(115, 86.0)	(120, 64.0)	(125, 69.0)	(130, 118.0)	(135, 111.0)	(140, 214.0)	(145, 199.0)	(150, 387.0)	(155, 251.0)	(160, 214.0)	(165, 188.0)	(170, 289.0)	(175, 184.0)	(180, 191.0)	(185, 216.0)	(190, 151.0)	(195, 265.0)	(200, 662.0)	(205, 1384.0)	(210, 1056.0)	(215, 664.0)	(220, 462.0)	(225, 2618.0)	(230, 2777.0)	(235, 1319.0)	(240, 693.0)	(245, 2462.0)	(250, 15000.0)
sample6286_S141_L001_R1_001	(50, 79.0)	(55, 15.0)	(60, 19.0)	(65, 18.0)	(70, 15.0)	(75, 10.0)	(80, 24.0)	(85, 10.0)	(90, 13.0)	(95, 14.0)	(100, 248.0)	(105, 25.0)	(110, 20.0)	(115, 18.0)	(120, 27.0)	(125, 18.0)	(130, 11.0)	(135, 12.0)	(140, 32.0)	(145, 15.0)	(150, 18.0)	(155, 24.0)	(160, 22.0)	(165, 40.0)	(170, 49.0)	(175, 93.0)	(180, 66.0)	(185, 29.0)	(190, 76.0)	(195, 51.0)	(200, 33.0)	(205, 33.0)	(210, 31.0)	(215, 30.0)	(220, 28.0)	(225, 65.0)	(230, 47.0)	(235, 145.0)	(240, 96.0)	(245, 303.0)	(250, 6704.0)
sample6286_S141_L001_R2_001	(50, 96.0)	(55, 23.0)	(60, 41.0)	(65, 26.0)	(70, 31.0)	(75, 20.0)	(80, 19.0)	(85, 11.0)	(90, 21.0)	(95, 15.0)	(100, 276.0)	(105, 22.0)	(110, 34.0)	(115, 22.0)	(120, 25.0)	(125, 24.0)	(130, 35.0)	(135, 27.0)	(140, 81.0)	(145, 38.0)	(150, 119.0)	(155, 74.0)	(160, 47.0)	(165, 46.0)	(170, 78.0)	(175, 113.0)	(180, 78.0)	(185, 62.0)	(190, 85.0)	(195, 52.0)	(200, 164.0)	(205, 202.0)	(210, 251.0)	(215, 135.0)	(220, 119.0)	(225, 482.0)	(230, 733.0)	(235, 427.0)	(240, 176.0)	(245, 1104.0)	(250, 3192.0)
sample6287_S142_L001_R1_001	(50, 52.0)	(55, 16.0)	(60, 26.0)	(65, 5.0)	(70, 12.0)	(75, 15.0)	(80, 29.0)	(85, 16.0)	(90, 12.0)	(95, 15.0)	(100, 356.0)	(105, 25.0)	(110, 28.0)	(115, 11.0)	(120, 20.0)	(125, 34.0)	(130, 13.0)	(135, 26.0)	(140, 34.0)	(145, 12.0)	(150, 13.0)	(155, 5.0)	(160, 25.0)	(165, 38.0)	(170, 42.0)	(175, 122.0)	(180, 42.0)	(185, 21.0)	(190, 24.0)	(195, 41.0)	(200, 26.0)	(205, 24.0)	(210, 29.0)	(215, 27.0)	(220, 41.0)	(225, 52.0)	(230, 49.0)	(235, 116.0)	(240, 98.0)	(245, 647.0)	(250, 5988.0)
sample6287_S142_L001_R2_001	(50, 81.0)	(55, 40.0)	(60, 42.0)	(65, 32.0)	(70, 20.0)	(75, 33.0)	(80, 27.0)	(85, 17.0)	(90, 27.0)	(95, 24.0)	(100, 388.0)	(105, 54.0)	(110, 41.0)	(115, 23.0)	(120, 22.0)	(125, 22.0)	(130, 35.0)	(135, 37.0)	(140, 88.0)	(145, 50.0)	(150, 82.0)	(155, 75.0)	(160, 46.0)	(165, 43.0)	(170, 42.0)	(175, 127.0)	(180, 58.0)	(185, 46.0)	(190, 60.0)	(195, 62.0)	(200, 137.0)	(205, 200.0)	(210, 307.0)	(215, 148.0)	(220, 179.0)	(225, 511.0)	(230, 634.0)	(235, 361.0)	(240, 154.0)	(245, 667.0)	(250, 3185.0)
sample6288_S143_L001_R1_001	(50, 92.0)	(55, 32.0)	(60, 24.0)	(65, 41.0)	(70, 41.0)	(75, 30.0)	(80, 51.0)	(85, 29.0)	(90, 32.0)	(95, 24.0)	(100, 717.0)	(105, 52.0)	(110, 46.0)	(115, 27.0)	(120, 53.0)	(125, 47.0)	(130, 21.0)	(135, 41.0)	(140, 62.0)	(145, 21.0)	(150, 33.0)	(155, 75.0)	(160, 68.0)	(165, 118.0)	(170, 128.0)	(175, 347.0)	(180, 121.0)	(185, 54.0)	(190, 47.0)	(195, 62.0)	(200, 65.0)	(205, 72.0)	(210, 64.0)	(215, 66.0)	(220, 56.0)	(225, 142.0)	(230, 113.0)	(235, 219.0)	(240, 211.0)	(245, 636.0)	(250, 15889.0)
sample6288_S143_L001_R2_001	(50, 124.0)	(55, 76.0)	(60, 63.0)	(65, 56.0)	(70, 27.0)	(75, 102.0)	(80, 53.0)	(85, 25.0)	(90, 66.0)	(95, 38.0)	(100, 750.0)	(105, 92.0)	(110, 76.0)	(115, 59.0)	(120, 45.0)	(125, 60.0)	(130, 76.0)	(135, 70.0)	(140, 173.0)	(145, 118.0)	(150, 222.0)	(155, 236.0)	(160, 83.0)	(165, 113.0)	(170, 138.0)	(175, 372.0)	(180, 160.0)	(185, 73.0)	(190, 115.0)	(195, 175.0)	(200, 318.0)	(205, 464.0)	(210, 647.0)	(215, 284.0)	(220, 303.0)	(225, 1157.0)	(230, 1862.0)	(235, 990.0)	(240, 436.0)	(245, 2203.0)	(250, 7569.0)
sample6289_S144_L001_R1_001	(50, 32.0)	(55, 10.0)	(60, 17.0)	(65, 17.0)	(70, 9.0)	(75, 10.0)	(80, 21.0)	(85, 14.0)	(90, 6.0)	(95, 1.0)	(100, 113.0)	(105, 18.0)	(110, 17.0)	(115, 10.0)	(120, 16.0)	(125, 16.0)	(130, 7.0)	(135, 9.0)	(140, 23.0)	(145, 9.0)	(150, 19.0)	(155, 6.0)	(160, 21.0)	(165, 38.0)	(170, 41.0)	(175, 59.0)	(180, 23.0)	(185, 32.0)	(190, 23.0)	(195, 25.0)	(200, 25.0)	(205, 19.0)	(210, 26.0)	(215, 23.0)	(220, 27.0)	(225, 45.0)	(230, 41.0)	(235, 106.0)	(240, 81.0)	(245, 336.0)	(250, 6277.0)
sample6289_S144_L001_R2_001	(50, 51.0)	(55, 43.0)	(60, 29.0)	(65, 30.0)	(70, 11.0)	(75, 50.0)	(80, 21.0)	(85, 14.0)	(90, 23.0)	(95, 18.0)	(100, 131.0)	(105, 49.0)	(110, 28.0)	(115, 52.0)	(120, 19.0)	(125, 20.0)	(130, 40.0)	(135, 49.0)	(140, 52.0)	(145, 66.0)	(150, 70.0)	(155, 83.0)	(160, 28.0)	(165, 48.0)	(170, 40.0)	(175, 101.0)	(180, 57.0)	(185, 43.0)	(190, 54.0)	(195, 59.0)	(200, 206.0)	(205, 233.0)	(210, 285.0)	(215, 171.0)	(220, 156.0)	(225, 452.0)	(230, 718.0)	(235, 492.0)	(240, 261.0)	(245, 581.0)	(250, 2734.0)
sample6290_S145_L001_R1_001	(50, 63.0)	(55, 65.0)	(60, 60.0)	(65, 127.0)	(70, 99.0)	(75, 82.0)	(80, 92.0)	(85, 100.0)	(90, 87.0)	(95, 79.0)	(100, 184.0)	(105, 89.0)	(110, 122.0)	(115, 150.0)	(120, 124.0)	(125, 93.0)	(130, 74.0)	(135, 138.0)	(140, 135.0)	(145, 89.0)	(150, 146.0)	(155, 88.0)	(160, 194.0)	(165, 345.0)	(170, 356.0)	(175, 231.0)	(180, 231.0)	(185, 176.0)	(190, 525.0)	(195, 289.0)	(200, 175.0)	(205, 205.0)	(210, 297.0)	(215, 236.0)	(220, 204.0)	(225, 302.0)	(230, 485.0)	(235, 586.0)	(240, 937.0)	(245, 1736.0)	(250, 61873.0)
sample6290_S145_L001_R2_001	(50, 275.0)	(55, 219.0)	(60, 178.0)	(65, 297.0)	(70, 169.0)	(75, 241.0)	(80, 169.0)	(85, 141.0)	(90, 164.0)	(95, 166.0)	(100, 489.0)	(105, 380.0)	(110, 223.0)	(115, 196.0)	(120, 197.0)	(125, 121.0)	(130, 274.0)	(135, 183.0)	(140, 496.0)	(145, 378.0)	(150, 573.0)	(155, 566.0)	(160, 440.0)	(165, 481.0)	(170, 410.0)	(175, 371.0)	(180, 289.0)	(185, 347.0)	(190, 391.0)	(195, 390.0)	(200, 1415.0)	(205, 2023.0)	(210, 2505.0)	(215, 1279.0)	(220, 1243.0)	(225, 3775.0)	(230, 5820.0)	(235, 3351.0)	(240, 1399.0)	(245, 10093.0)	(250, 29552.0)
sample6291_S146_L001_R1_001	(50, 140.0)	(55, 50.0)	(60, 64.0)	(65, 92.0)	(70, 57.0)	(75, 43.0)	(80, 72.0)	(85, 34.0)	(90, 53.0)	(95, 36.0)	(100, 191.0)	(105, 58.0)	(110, 51.0)	(115, 76.0)	(120, 73.0)	(125, 66.0)	(130, 28.0)	(135, 59.0)	(140, 62.0)	(145, 62.0)	(150, 59.0)	(155, 40.0)	(160, 85.0)	(165, 122.0)	(170, 134.0)	(175, 106.0)	(180, 102.0)	(185, 92.0)	(190, 163.0)	(195, 103.0)	(200, 75.0)	(205, 97.0)	(210, 157.0)	(215, 114.0)	(220, 152.0)	(225, 131.0)	(230, 256.0)	(235, 310.0)	(240, 425.0)	(245, 1655.0)	(250, 24184.0)
sample6291_S146_L001_R2_001	(50, 204.0)	(55, 131.0)	(60, 123.0)	(65, 106.0)	(70, 67.0)	(75, 98.0)	(80, 105.0)	(85, 107.0)	(90, 150.0)	(95, 100.0)	(100, 260.0)	(105, 173.0)	(110, 126.0)	(115, 84.0)	(120, 80.0)	(125, 72.0)	(130, 109.0)	(135, 126.0)	(140, 201.0)	(145, 252.0)	(150, 233.0)	(155, 232.0)	(160, 182.0)	(165, 169.0)	(170, 148.0)	(175, 275.0)	(180, 168.0)	(185, 167.0)	(190, 276.0)	(195, 242.0)	(200, 527.0)	(205, 764.0)	(210, 1147.0)	(215, 553.0)	(220, 680.0)	(225, 1444.0)	(230, 2295.0)	(235, 1549.0)	(240, 682.0)	(245, 2789.0)	(250, 12733.0)
sample6292_S147_L001_R1_001	(50, 38.0)	(55, 43.0)	(60, 40.0)	(65, 73.0)	(70, 66.0)	(75, 45.0)	(80, 57.0)	(85, 69.0)	(90, 76.0)	(95, 50.0)	(100, 125.0)	(105, 79.0)	(110, 79.0)	(115, 103.0)	(120, 72.0)	(125, 83.0)	(130, 37.0)	(135, 76.0)	(140, 55.0)	(145, 58.0)	(150, 103.0)	(155, 30.0)	(160, 141.0)	(165, 215.0)	(170, 195.0)	(175, 149.0)	(180, 165.0)	(185, 163.0)	(190, 366.0)	(195, 203.0)	(200, 107.0)	(205, 96.0)	(210, 213.0)	(215, 131.0)	(220, 123.0)	(225, 202.0)	(230, 234.0)	(235, 352.0)	(240, 580.0)	(245, 1022.0)	(250, 36425.0)
sample6292_S147_L001_R2_001	(50, 189.0)	(55, 173.0)	(60, 111.0)	(65, 137.0)	(70, 98.0)	(75, 257.0)	(80, 123.0)	(85, 50.0)	(90, 100.0)	(95, 98.0)	(100, 195.0)	(105, 213.0)	(110, 127.0)	(115, 122.0)	(120, 56.0)	(125, 77.0)	(130, 178.0)	(135, 108.0)	(140, 313.0)	(145, 334.0)	(150, 320.0)	(155, 356.0)	(160, 198.0)	(165, 198.0)	(170, 243.0)	(175, 255.0)	(180, 174.0)	(185, 191.0)	(190, 311.0)	(195, 305.0)	(200, 962.0)	(205, 1106.0)	(210, 1769.0)	(215, 708.0)	(220, 644.0)	(225, 2737.0)	(230, 3679.0)	(235, 2242.0)	(240, 1066.0)	(245, 5242.0)	(250, 16774.0)
sample6293_S148_L001_R1_001	(50, 57.0)	(55, 59.0)	(60, 49.0)	(65, 178.0)	(70, 74.0)	(75, 104.0)	(80, 116.0)	(85, 107.0)	(90, 135.0)	(95, 84.0)	(100, 111.0)	(105, 114.0)	(110, 141.0)	(115, 149.0)	(120, 134.0)	(125, 124.0)	(130, 86.0)	(135, 94.0)	(140, 141.0)	(145, 88.0)	(150, 119.0)	(155, 78.0)	(160, 191.0)	(165, 433.0)	(170, 411.0)	(175, 246.0)	(180, 268.0)	(185, 209.0)	(190, 423.0)	(195, 241.0)	(200, 178.0)	(205, 185.0)	(210, 282.0)	(215, 274.0)	(220, 240.0)	(225, 390.0)	(230, 459.0)	(235, 740.0)	(240, 979.0)	(245, 2787.0)	(250, 59896.0)
sample6293_S148_L001_R2_001	(50, 277.0)	(55, 372.0)	(60, 186.0)	(65, 164.0)	(70, 103.0)	(75, 450.0)	(80, 187.0)	(85, 125.0)	(90, 182.0)	(95, 193.0)	(100, 333.0)	(105, 500.0)	(110, 176.0)	(115, 301.0)	(120, 86.0)	(125, 149.0)	(130, 247.0)	(135, 412.0)	(140, 334.0)	(145, 416.0)	(150, 533.0)	(155, 635.0)	(160, 375.0)	(165, 340.0)	(170, 321.0)	(175, 324.0)	(180, 332.0)	(185, 343.0)	(190, 543.0)	(195, 1093.0)	(200, 1857.0)	(205, 1755.0)	(210, 2114.0)	(215, 1241.0)	(220, 1222.0)	(225, 3622.0)	(230, 4615.0)	(235, 5667.0)	(240, 2149.0)	(245, 6282.0)	(250, 30618.0)
sample6294_S149_L001_R1_001	(50, 113.0)	(55, 64.0)	(60, 76.0)	(65, 142.0)	(70, 86.0)	(75, 102.0)	(80, 146.0)	(85, 92.0)	(90, 69.0)	(95, 146.0)	(100, 76.0)	(105, 82.0)	(110, 75.0)	(115, 86.0)	(120, 164.0)	(125, 92.0)	(130, 97.0)	(135, 119.0)	(140, 85.0)	(145, 82.0)	(150, 133.0)	(155, 52.0)	(160, 139.0)	(165, 274.0)	(170, 295.0)	(175, 180.0)	(180, 165.0)	(185, 152.0)	(190, 345.0)	(195, 228.0)	(200, 130.0)	(205, 150.0)	(210, 244.0)	(215, 185.0)	(220, 226.0)	(225, 271.0)	(230, 358.0)	(235, 487.0)	(240, 773.0)	(245, 1752.0)	(250, 48593.0)
sample6294_S149_L001_R2_001	(50, 201.0)	(55, 165.0)	(60, 352.0)	(65, 251.0)	(70, 154.0)	(75, 91.0)	(80, 166.0)	(85, 105.0)	(90, 89.0)	(95, 241.0)	(100, 252.0)	(105, 197.0)	(110, 157.0)	(115, 174.0)	(120, 165.0)	(125, 150.0)	(130, 109.0)	(135, 337.0)	(140, 352.0)	(145, 475.0)	(150, 307.0)	(155, 508.0)	(160, 270.0)	(165, 298.0)	(170, 356.0)	(175, 130.0)	(180, 447.0)	(185, 476.0)	(190, 240.0)	(195, 305.0)	(200, 1273.0)	(205, 1890.0)	(210, 1290.0)	(215, 1078.0)	(220, 1546.0)	(225, 4928.0)	(230, 2703.0)	(235, 2151.0)	(240, 1791.0)	(245, 2718.0)	(250, 28238.0)
sample6615_S140_L001_R1_001	(50, 1.0)	(55, 3.0)	(60, 0.0)	(65, 2.0)	(70, 0.0)	(75, 2.0)	(80, 0.0)	(85, 1.0)	(90, 5.0)	(95, 2.0)	(100, 0.0)	(105, 2.0)	(110, 4.0)	(115, 5.0)	(120, 2.0)	(125, 0.0)	(130, 4.0)	(135, 1.0)	(140, 0.0)	(145, 3.0)	(150, 2.0)	(155, 2.0)	(160, 2.0)	(165, 3.0)	(170, 2.0)	(175, 9.0)	(180, 4.0)	(185, 5.0)	(190, 1.0)	(195, 17.0)	(200, 11.0)	(205, 6.0)	(210, 17.0)	(215, 10.0)	(220, 19.0)	(225, 19.0)	(230, 17.0)	(235, 41.0)	(240, 43.0)	(245, 22.0)	(250, 944.0)
sample6615_S140_L001_R2_001	(50, 7.0)	(55, 8.0)	(60, 1.0)	(65, 3.0)	(70, 0.0)	(75, 2.0)	(80, 4.0)	(85, 4.0)	(90, 10.0)	(95, 9.0)	(100, 3.0)	(105, 2.0)	(110, 3.0)	(115, 5.0)	(120, 1.0)	(125, 4.0)	(130, 3.0)	(135, 3.0)	(140, 4.0)	(145, 6.0)	(150, 9.0)	(155, 6.0)	(160, 5.0)	(165, 9.0)	(170, 17.0)	(175, 16.0)	(180, 21.0)	(185, 18.0)	(190, 14.0)	(195, 29.0)	(200, 39.0)	(205, 29.0)	(210, 29.0)	(215, 41.0)	(220, 57.0)	(225, 56.0)	(230, 61.0)	(235, 49.0)	(240, 59.0)	(245, 160.0)	(250, 427.0)
sample6616_S141_L001_R1_001	(50, 21.0)	(55, 1.0)	(60, 35.0)	(65, 40.0)	(70, 1.0)	(75, 0.0)	(80, 0.0)	(85, 0.0)	(90, 0.0)	(95, 1.0)	(100, 2.0)	(105, 38.0)	(110, 0.0)	(115, 0.0)	(120, 1.0)	(125, 1.0)	(130, 0.0)	(135, 3.0)	(140, 1.0)	(145, 0.0)	(150, 1.0)	(155, 1.0)	(160, 2.0)	(165, 4.0)	(170, 0.0)	(175, 0.0)	(180, 1.0)	(185, 2.0)	(190, 3.0)	(195, 3.0)	(200, 0.0)	(205, 3.0)	(210, 1.0)	(215, 0.0)	(220, 1.0)	(225, 1.0)	(230, 5.0)	(235, 4.0)	(240, 4.0)	(245, 6.0)	(250, 73.0)
sample6616_S141_L001_R2_001	(50, 21.0)	(55, 2.0)	(60, 38.0)	(65, 39.0)	(70, 1.0)	(75, 1.0)	(80, 0.0)	(85, 0.0)	(90, 2.0)	(95, 3.0)	(100, 2.0)	(105, 38.0)	(110, 1.0)	(115, 0.0)	(120, 2.0)	(125, 1.0)	(130, 0.0)	(135, 4.0)	(140, 1.0)	(145, 1.0)	(150, 1.0)	(155, 0.0)	(160, 2.0)	(165, 2.0)	(170, 1.0)	(175, 2.0)	(180, 3.0)	(185, 0.0)	(190, 2.0)	(195, 1.0)	(200, 3.0)	(205, 3.0)	(210, 5.0)	(215, 4.0)	(220, 5.0)	(225, 4.0)	(230, 8.0)	(235, 5.0)	(240, 3.0)	(245, 8.0)	(250, 41.0)
sample6617_S142_L001_R1_001	(55, 1.0)	(60, 4.0)	(65, 2.0)	(70, 0.0)	(75, 0.0)	(80, 2.0)	(85, 7.0)	(90, 10.0)	(95, 4.0)	(100, 3.0)	(105, 3.0)	(110, 3.0)	(115, 1.0)	(120, 7.0)	(125, 6.0)	(130, 4.0)	(135, 6.0)	(140, 6.0)	(145, 3.0)	(150, 6.0)	(155, 9.0)	(160, 2.0)	(165, 9.0)	(170, 8.0)	(175, 16.0)	(180, 6.0)	(185, 12.0)	(190, 15.0)	(195, 63.0)	(200, 12.0)	(205, 9.0)	(210, 22.0)	(215, 16.0)	(220, 26.0)	(225, 33.0)	(230, 54.0)	(235, 85.0)	(240, 57.0)	(245, 61.0)	(250, 1744.0)	
sample6617_S142_L001_R2_001	(50, 5.0)	(55, 4.0)	(60, 4.0)	(65, 3.0)	(70, 4.0)	(75, 5.0)	(80, 0.0)	(85, 5.0)	(90, 11.0)	(95, 7.0)	(100, 5.0)	(105, 2.0)	(110, 2.0)	(115, 8.0)	(120, 9.0)	(125, 8.0)	(130, 10.0)	(135, 13.0)	(140, 8.0)	(145, 5.0)	(150, 26.0)	(155, 27.0)	(160, 15.0)	(165, 16.0)	(170, 35.0)	(175, 28.0)	(180, 33.0)	(185, 43.0)	(190, 33.0)	(195, 31.0)	(200, 64.0)	(205, 83.0)	(210, 51.0)	(215, 72.0)	(220, 125.0)	(225, 117.0)	(230, 119.0)	(235, 120.0)	(240, 104.0)	(245, 351.0)	(250, 726.0)
sample6618_S143_L001_R1_001	(50, 5.0)	(55, 4.0)	(60, 7.0)	(65, 0.0)	(70, 3.0)	(75, 4.0)	(80, 3.0)	(85, 8.0)	(90, 7.0)	(95, 3.0)	(100, 4.0)	(105, 7.0)	(110, 16.0)	(115, 7.0)	(120, 9.0)	(125, 7.0)	(130, 10.0)	(135, 4.0)	(140, 5.0)	(145, 3.0)	(150, 7.0)	(155, 13.0)	(160, 14.0)	(165, 6.0)	(170, 4.0)	(175, 12.0)	(180, 12.0)	(185, 16.0)	(190, 10.0)	(195, 51.0)	(200, 21.0)	(205, 18.0)	(210, 25.0)	(215, 19.0)	(220, 29.0)	(225, 25.0)	(230, 31.0)	(235, 47.0)	(240, 50.0)	(245, 95.0)	(250, 1691.0)
sample6618_S143_L001_R2_001	(50, 7.0)	(55, 4.0)	(60, 11.0)	(65, 7.0)	(70, 7.0)	(75, 4.0)	(80, 8.0)	(85, 9.0)	(90, 13.0)	(95, 14.0)	(100, 11.0)	(105, 9.0)	(110, 16.0)	(115, 7.0)	(120, 9.0)	(125, 8.0)	(130, 9.0)	(135, 10.0)	(140, 17.0)	(145, 16.0)	(150, 12.0)	(155, 26.0)	(160, 25.0)	(165, 18.0)	(170, 25.0)	(175, 33.0)	(180, 20.0)	(185, 59.0)	(190, 44.0)	(195, 49.0)	(200, 61.0)	(205, 47.0)	(210, 59.0)	(215, 112.0)	(220, 61.0)	(225, 144.0)	(230, 181.0)	(235, 122.0)	(240, 99.0)	(245, 109.0)	(250, 810.0)
sample6619_S144_L001_R1_001	(50, 2.0)	(55, 1.0)	(60, 3.0)	(65, 3.0)	(70, 0.0)	(75, 4.0)	(80, 2.0)	(85, 3.0)	(90, 3.0)	(95, 1.0)	(100, 2.0)	(105, 3.0)	(110, 2.0)	(115, 1.0)	(120, 0.0)	(125, 2.0)	(130, 3.0)	(135, 3.0)	(140, 4.0)	(145, 1.0)	(150, 6.0)	(155, 4.0)	(160, 10.0)	(165, 6.0)	(170, 7.0)	(175, 7.0)	(180, 11.0)	(185, 11.0)	(190, 10.0)	(195, 30.0)	(200, 16.0)	(205, 12.0)	(210, 17.0)	(215, 7.0)	(220, 31.0)	(225, 15.0)	(230, 41.0)	(235, 42.0)	(240, 51.0)	(245, 77.0)	(250, 1028.0)
sample6619_S144_L001_R2_001	(50, 8.0)	(55, 5.0)	(60, 5.0)	(65, 9.0)	(70, 10.0)	(75, 4.0)	(80, 3.0)	(85, 2.0)	(90, 3.0)	(95, 2.0)	(100, 3.0)	(105, 4.0)	(110, 15.0)	(115, 11.0)	(120, 8.0)	(125, 0.0)	(130, 13.0)	(135, 7.0)	(140, 2.0)	(145, 12.0)	(150, 14.0)	(155, 11.0)	(160, 12.0)	(165, 12.0)	(170, 5.0)	(175, 12.0)	(180, 18.0)	(185, 19.0)	(190, 14.0)	(195, 22.0)	(200, 47.0)	(205, 59.0)	(210, 33.0)	(215, 59.0)	(220, 89.0)	(225, 73.0)	(230, 65.0)	(235, 66.0)	(240, 82.0)	(245, 67.0)	(250, 577.0)
sample6620_S145_L001_R1_001	(50, 147.0)	(55, 72.0)	(60, 17.0)	(65, 36.0)	(70, 76.0)	(75, 125.0)	(80, 254.0)	(85, 202.0)	(90, 260.0)	(95, 188.0)	(100, 139.0)	(105, 236.0)	(110, 319.0)	(115, 237.0)	(120, 227.0)	(125, 230.0)	(130, 180.0)	(135, 184.0)	(140, 163.0)	(145, 176.0)	(150, 181.0)	(155, 220.0)	(160, 260.0)	(165, 193.0)	(170, 173.0)	(175, 460.0)	(180, 315.0)	(185, 414.0)	(190, 540.0)	(195, 1818.0)	(200, 709.0)	(205, 537.0)	(210, 633.0)	(215, 682.0)	(220, 1083.0)	(225, 1360.0)	(230, 1642.0)	(235, 2499.0)	(240, 2569.0)	(245, 16390.0)	(250, 54029.0)
sample6620_S145_L001_R2_001	(50, 398.0)	(55, 202.0)	(60, 193.0)	(65, 347.0)	(70, 257.0)	(75, 234.0)	(80, 243.0)	(85, 244.0)	(90, 247.0)	(95, 337.0)	(100, 310.0)	(105, 237.0)	(110, 239.0)	(115, 329.0)	(120, 310.0)	(125, 244.0)	(130, 339.0)	(135, 397.0)	(140, 444.0)	(145, 322.0)	(150, 491.0)	(155, 623.0)	(160, 463.0)	(165, 569.0)	(170, 651.0)	(175, 695.0)	(180, 1219.0)	(185, 1141.0)	(190, 1212.0)	(195, 1472.0)	(200, 1813.0)	(205, 2165.0)	(210, 1864.0)	(215, 2597.0)	(220, 3273.0)	(225, 4867.0)	(230, 4992.0)	(235, 3104.0)	(240, 6374.0)	(245, 13075.0)	(250, 31642.0)
sample6621_S146_L001_R1_001	(50, 97.0)	(55, 426.0)	(60, 2332.0)	(65, 161.0)	(70, 163.0)	(75, 97.0)	(80, 285.0)	(85, 185.0)	(90, 308.0)	(95, 183.0)	(100, 51.0)	(105, 151.0)	(110, 432.0)	(115, 334.0)	(120, 204.0)	(125, 253.0)	(130, 131.0)	(135, 197.0)	(140, 121.0)	(145, 87.0)	(150, 160.0)	(155, 193.0)	(160, 237.0)	(165, 150.0)	(170, 151.0)	(175, 322.0)	(180, 248.0)	(185, 411.0)	(190, 414.0)	(195, 1563.0)	(200, 241.0)	(205, 475.0)	(210, 433.0)	(215, 459.0)	(220, 840.0)	(225, 1434.0)	(230, 1560.0)	(235, 1607.0)	(240, 1840.0)	(245, 17550.0)	(250, 50408.0)
sample6621_S146_L001_R2_001	(50, 305.0)	(55, 649.0)	(60, 2511.0)	(65, 382.0)	(70, 342.0)	(75, 224.0)	(80, 222.0)	(85, 207.0)	(90, 221.0)	(95, 348.0)	(100, 319.0)	(105, 189.0)	(110, 176.0)	(115, 326.0)	(120, 311.0)	(125, 191.0)	(130, 266.0)	(135, 368.0)	(140, 506.0)	(145, 227.0)	(150, 290.0)	(155, 507.0)	(160, 263.0)	(165, 395.0)	(170, 445.0)	(175, 412.0)	(180, 1033.0)	(185, 1030.0)	(190, 677.0)	(195, 1290.0)	(200, 1555.0)	(205, 1380.0)	(210, 1385.0)	(215, 1434.0)	(220, 1831.0)	(225, 4204.0)	(230, 5985.0)	(235, 2579.0)	(240, 5614.0)	(245, 10859.0)	(250, 35436.0)
sample6622_S147_L001_R1_001	(50, 33.0)	(55, 32.0)	(60, 11.0)	(65, 35.0)	(70, 29.0)	(75, 27.0)	(80, 86.0)	(85, 69.0)	(90, 104.0)	(95, 74.0)	(100, 78.0)	(105, 131.0)	(110, 143.0)	(115, 67.0)	(120, 99.0)	(125, 99.0)	(130, 95.0)	(135, 61.0)	(140, 79.0)	(145, 88.0)	(150, 86.0)	(155, 117.0)	(160, 137.0)	(165, 84.0)	(170, 111.0)	(175, 215.0)	(180, 152.0)	(185, 194.0)	(190, 218.0)	(195, 787.0)	(200, 229.0)	(205, 263.0)	(210, 346.0)	(215, 326.0)	(220, 436.0)	(225, 521.0)	(230, 633.0)	(235, 1227.0)	(240, 941.0)	(245, 3307.0)	(250, 25593.0)
sample6622_S147_L001_R2_001	(50, 101.0)	(55, 113.0)	(60, 49.0)	(65, 139.0)	(70, 177.0)	(75, 106.0)	(80, 97.0)	(85, 84.0)	(90, 117.0)	(95, 99.0)	(100, 143.0)	(105, 136.0)	(110, 106.0)	(115, 118.0)	(120, 203.0)	(125, 140.0)	(130, 159.0)	(135, 189.0)	(140, 191.0)	(145, 193.0)	(150, 238.0)	(155, 360.0)	(160, 376.0)	(165, 267.0)	(170, 444.0)	(175, 388.0)	(180, 581.0)	(185, 599.0)	(190, 818.0)	(195, 828.0)	(200, 989.0)	(205, 938.0)	(210, 1218.0)	(215, 1564.0)	(220, 1749.0)	(225, 2778.0)	(230, 2614.0)	(235, 1381.0)	(240, 1884.0)	(245, 2497.0)	(250, 12192.0)
sample6623_S148_L001_R1_001	(50, 83.0)	(55, 58.0)	(60, 20.0)	(65, 74.0)	(70, 93.0)	(75, 91.0)	(80, 220.0)	(85, 213.0)	(90, 295.0)	(95, 169.0)	(100, 141.0)	(105, 299.0)	(110, 309.0)	(115, 233.0)	(120, 190.0)	(125, 173.0)	(130, 142.0)	(135, 179.0)	(140, 196.0)	(145, 245.0)	(150, 273.0)	(155, 284.0)	(160, 405.0)	(165, 222.0)	(170, 229.0)	(175, 503.0)	(180, 536.0)	(185, 511.0)	(190, 687.0)	(195, 1992.0)	(200, 534.0)	(205, 648.0)	(210, 797.0)	(215, 618.0)	(220, 1211.0)	(225, 1425.0)	(230, 1687.0)	(235, 2395.0)	(240, 2535.0)	(245, 21467.0)	(250, 48074.0)
sample6623_S148_L001_R2_001	(50, 191.0)	(55, 235.0)	(60, 195.0)	(65, 260.0)	(70, 307.0)	(75, 318.0)	(80, 367.0)	(85, 371.0)	(90, 430.0)	(95, 333.0)	(100, 426.0)	(105, 418.0)	(110, 342.0)	(115, 357.0)	(120, 428.0)	(125, 351.0)	(130, 339.0)	(135, 327.0)	(140, 458.0)	(145, 670.0)	(150, 505.0)	(155, 869.0)	(160, 793.0)	(165, 868.0)	(170, 748.0)	(175, 949.0)	(180, 931.0)	(185, 1709.0)	(190, 1370.0)	(195, 2223.0)	(200, 2639.0)	(205, 2421.0)	(210, 3199.0)	(215, 3598.0)	(220, 2760.0)	(225, 3675.0)	(230, 5225.0)	(235, 3339.0)	(240, 3930.0)	(245, 6739.0)	(250, 34843.0)
sample6624_S149_L001_R1_001	(50, 92.0)	(55, 56.0)	(60, 20.0)	(65, 53.0)	(70, 90.0)	(75, 113.0)	(80, 332.0)	(85, 205.0)	(90, 269.0)	(95, 219.0)	(100, 98.0)	(105, 208.0)	(110, 319.0)	(115, 306.0)	(120, 185.0)	(125, 256.0)	(130, 171.0)	(135, 153.0)	(140, 108.0)	(145, 100.0)	(150, 157.0)	(155, 205.0)	(160, 270.0)	(165, 193.0)	(170, 189.0)	(175, 349.0)	(180, 309.0)	(185, 396.0)	(190, 470.0)	(195, 1532.0)	(200, 498.0)	(205, 530.0)	(210, 542.0)	(215, 594.0)	(220, 1020.0)	(225, 1284.0)	(230, 1619.0)	(235, 1902.0)	(240, 1926.0)	(245, 17860.0)	(250, 50414.0)
sample6624_S149_L001_R2_001	(50, 326.0)	(55, 140.0)	(60, 292.0)	(65, 240.0)	(70, 273.0)	(75, 308.0)	(80, 193.0)	(85, 146.0)	(90, 266.0)	(95, 293.0)	(100, 207.0)	(105, 198.0)	(110, 219.0)	(115, 360.0)	(120, 214.0)	(125, 223.0)	(130, 313.0)	(135, 362.0)	(140, 270.0)	(145, 270.0)	(150, 403.0)	(155, 366.0)	(160, 449.0)	(165, 480.0)	(170, 382.0)	(175, 890.0)	(180, 635.0)	(185, 1036.0)	(190, 927.0)	(195, 1190.0)	(200, 1298.0)	(205, 1245.0)	(210, 1315.0)	(215, 2197.0)	(220, 3957.0)	(225, 4717.0)	(230, 2510.0)	(235, 4050.0)	(240, 5828.0)	(245, 4911.0)	(250, 41713.0)
