Sample	0	1	2	3	4	5	6	7	8	9	10	11	12	13	14	15
sample5278_S71_L001_R1_001	(1.0, 6.76652843991838)	(2.0, 2.2153892446425383)	(3.0, 1.201726423876555)	(4.0, 0.8951827508063228)	(5.0, 0.6817305612758234)	(6.0, 0.564190809331716)	(7.0, 0.5134136364918616)	(8.0, 0.43630755921652703)	(9.0, 0.4739202798386414)	('>10', 9.615692027043545)	('>50', 6.203277948602217)	('>100', 24.193442222159533)	('>500', 20.339078676408363)	('>1k', 25.900119420387973)	('>5k', 0.0)	('>10k+', 0.0)
sample5278_S71_L001_R2_001	(1.0, 16.809124846022925)	(2.0, 3.1463040800398696)	(3.0, 1.8364410843747354)	(4.0, 1.4668961042624615)	(5.0, 1.316445221774004)	(6.0, 1.3709836666760697)	(7.0, 1.007080594657113)	(8.0, 1.053156177419203)	(9.0, 0.9055262489774042)	('>10', 18.26003554402099)	('>50', 8.500474860597853)	('>100', 39.399324851664836)	('>500', 4.92820671951254)	('>1k', 0.0)	('>5k', 0.0)	('>10k+', 0.0)
sample5279_S72_L001_R1_001	(1.0, 6.414639832154791)	(2.0, 1.9690729660424275)	(3.0, 1.2098842178879476)	(4.0, 0.9511228533685601)	(5.0, 0.7343227912036677)	(6.0, 0.6527313699588158)	(7.0, 0.5711399487139638)	(8.0, 0.5221850959670526)	(9.0, 0.4336001243297848)	('>10', 8.668894241976844)	('>50', 5.653896961690885)	('>100', 20.026420079260237)	('>500', 18.850726552179655)	('>1k', 33.34136296526536)	('>5k', 0.0)	('>10k+', 0.0)
sample5279_S72_L001_R2_001	(1.0, 16.444168156033882)	(2.0, 2.8378273370114226)	(3.0, 1.7227445799984458)	(4.0, 1.2557308260160076)	(5.0, 1.1655917320693139)	(6.0, 0.9044991840857876)	(7.0, 0.8213536405315098)	(8.0, 0.7397622192866579)	(9.0, 0.7622969927733312)	('>10', 12.467946227368094)	('>50', 8.20887403838682)	('>100', 36.01367627632295)	('>500', 13.970005439428082)	('>1k', 2.685523350687699)	('>5k', 0.0)	('>10k+', 0.0)
sample5280_S73_L001_R1_001	(1.0, 5.6402207483165405)	(2.0, 1.8290213153764365)	(3.0, 1.0936155131385752)	(4.0, 0.9062832261657638)	(5.0, 0.7056604728874487)	(6.0, 0.5392132043947142)	(7.0, 0.5404789630904764)	(8.0, 0.33416029568123135)	(9.0, 0.27909979241557387)	('>10', 7.534428636524733)	('>50', 6.485114677737835)	('>100', 19.04397245709078)	('>500', 10.852615057465446)	('>1k', 44.216115639714445)	('>5k', 0.0)	('>10k+', 0.0)
sample5280_S73_L001_R2_001	(1.0, 13.315781479418764)	(2.0, 2.654295985013417)	(3.0, 1.6005518707913522)	(4.0, 1.2657586957622398)	(5.0, 1.0980456685737432)	(6.0, 0.9948863348691205)	(7.0, 0.908181864209407)	(8.0, 0.7290770087590502)	(9.0, 0.6835096957116096)	('>10', 14.858741329552934)	('>50', 6.22183686901929)	('>100', 38.54108652726444)	('>500', 12.24494962280391)	('>1k', 4.883297048250721)	('>5k', 0.0)	('>10k+', 0.0)
sample5281_S74_L001_R1_001	(1.0, 5.956975121110108)	(2.0, 1.82144127870378)	(3.0, 1.2275227851219312)	(4.0, 0.9004570709144155)	(5.0, 0.6602895694775159)	(6.0, 0.5378109861236555)	(7.0, 0.4981251881654214)	(8.0, 0.41054273749897363)	(9.0, 0.5665489777485836)	('>10', 8.452390727208035)	('>50', 6.154719873005447)	('>100', 22.493636587568766)	('>500', 17.053945315707363)	('>1k', 33.265593781646004)	('>5k', 0.0)	('>10k+', 0.0)
sample5281_S74_L001_R2_001	(1.0, 14.908859512275226)	(2.0, 2.8231655582012753)	(3.0, 1.744806634370638)	(4.0, 1.4971125160795906)	(5.0, 1.2829460546842926)	(6.0, 1.014040561622465)	(7.0, 1.096833347018091)	(8.0, 1.0893067301639434)	(9.0, 0.8005583381229985)	('>10', 16.22875441333443)	('>50', 6.929961408982675)	('>100', 37.575608287489395)	('>500', 12.167802501573748)	('>1k', 0.8402441360812328)	('>5k', 0.0)	('>10k+', 0.0)
sample5282_S75_L001_R1_001	(1.0, 5.847324894259361)	(2.0, 1.8991699643621893)	(3.0, 1.2734275099687506)	(4.0, 0.9261290981590915)	(5.0, 0.66206124255654)	(6.0, 0.6537381869358292)	(7.0, 0.5031665443429704)	(8.0, 0.40555980115463475)	(9.0, 0.38134727571256705)	('>10', 8.7740139070693)	('>50', 5.857161232720202)	('>100', 18.341744663786386)	('>500', 18.469617063777306)	('>1k', 36.00553861519487)	('>5k', 0.0)	('>10k+', 0.0)
sample5282_S75_L001_R2_001	(1.0, 14.13406172680705)	(2.0, 2.879777244765933)	(3.0, 1.6979033466250009)	(4.0, 1.3407685963545017)	(5.0, 1.150094958498218)	(6.0, 0.994226825964907)	(7.0, 0.9586646792218699)	(8.0, 0.8474383904723712)	(9.0, 0.7286456875222264)	('>10', 14.16205745934944)	('>50', 7.919765743816348)	('>100', 34.98104613242738)	('>500', 16.33210505209476)	('>1k', 1.8734441560799922)	('>5k', 0.0)	('>10k+', 0.0)
sample5428_S71_L001_R1_001	(1.0, 2.7475445769927918)	(2.0, 0.8869030055220671)	(3.0, 0.5387177001222442)	(4.0, 0.4889769422079838)	(5.0, 0.4889769422079838)	(6.0, 0.2933861653247903)	(7.0, 0.2596636175863086)	(8.0, 0.22256881507397883)	(9.0, 0.25797749019938454)	('>10', 3.6057834169371494)	('>50', 1.976984361168486)	('>100', 11.388947434978713)	('>500', 15.571386418243899)	('>1k', 15.792269105930954)	('>5k', 13.017746490747376)	('>10k+', 32.46216751675589)
sample5428_S71_L001_R2_001	(1.0, 3.9143447287442568)	(2.0, 0.6137503688403658)	(3.0, 0.3945538085402352)	(4.0, 0.286641655777094)	(5.0, 0.2571344265059225)	(6.0, 0.30856131180710705)	(7.0, 0.29507229271171437)	(8.0, 0.2630358723601568)	(9.0, 0.1745141845466425)	('>10', 3.857016397588838)	('>50', 1.2848290688361506)	('>100', 2.732369430510475)	('>500', 4.344307212409897)	('>1k', 1.0816507187117987)	('>5k', 6.623951439531256)	('>10k+', 73.56826708257809)
sample5429_S72_L001_R1_001	(1.0, 2.2587159863945576)	(2.0, 0.8237670068027212)	(3.0, 0.4364636479591837)	(4.0, 0.390625)	(5.0, 0.31555590986394555)	(6.0, 0.30691964285714285)	(7.0, 0.20461309523809526)	(8.0, 0.24447278911564627)	(9.0, 0.20328443877551022)	('>10', 3.983976403061224)	('>50', 1.6840720663265307)	('>100', 9.2062606292517)	('>500', 6.5841571003401365)	('>1k', 24.170254039115648)	('>5k', 0.0)	('>10k+', 49.18686224489796)
sample5429_S72_L001_R2_001	(1.0, 4.1254783163265305)	(2.0, 0.5354485544217688)	(3.0, 0.33083545918367346)	(4.0, 0.30559098639455784)	(5.0, 0.19265518707482993)	(6.0, 0.2272002551020408)	(7.0, 0.13950892857142858)	(8.0, 0.18601190476190474)	(9.0, 0.20926339285714285)	('>10', 3.5255899234693877)	('>50', 1.840189200680272)	('>100', 2.806122448979592)	('>500', 1.76312712585034)	('>1k', 1.7544908588435375)	('>5k', 3.813244047619048)	('>10k+', 78.24524340986395)
sample5430_S73_L001_R1_001	(1.0, 2.378229410156708)	(2.0, 0.8479729541257789)	(3.0, 0.6343060847638228)	(4.0, 0.4329125081589503)	(5.0, 0.4435121700855226)	(6.0, 0.3447679510853496)	(7.0, 0.3085059497576025)	(8.0, 0.33026315055425076)	(9.0, 0.21087748464443715)	('>10', 4.087564365052357)	('>50', 2.30961054610574)	('>100', 8.72352176556895)	('>500', 6.571232517531284)	('>1k', 23.207122972814656)	('>5k', 8.831749892608688)	('>10k+', 40.337850276985904)
sample5430_S73_L001_R2_001	(1.0, 3.444332249192473)	(2.0, 0.6013913450970985)	(3.0, 0.4301231234414313)	(4.0, 0.2990220417180378)	(5.0, 0.30683231892709106)	(6.0, 0.2610864095597793)	(7.0, 0.19135179162180407)	(8.0, 0.2052987152093991)	(9.0, 0.20083569966136866)	('>10', 3.506256589921395)	('>50', 1.5659605804151722)	('>100', 2.075860106777647)	('>500', 3.8030471238654178)	('>1k', 6.098710746383563)	('>5k', 9.126308918778696)	('>10k+', 67.88358223942963)
sample5431_S74_L001_R1_001	(1.0, 2.8757888697647735)	(2.0, 1.0183591508892713)	(3.0, 0.6346815834767642)	(4.0, 0.46184738955823296)	(5.0, 0.2976190476190476)	(6.0, 0.3528399311531842)	(7.0, 0.2761044176706827)	(8.0, 0.22948938611589212)	(9.0, 0.2452667814113597)	('>10', 3.9206827309236947)	('>50', 3.287435456110155)	('>100', 13.220740103270224)	('>500', 5.628227194492254)	('>1k', 28.737808376362594)	('>5k', 12.049627079747562)	('>10k+', 26.76348250143431)
sample5431_S74_L001_R2_001	(1.0, 4.997131382673552)	(2.0, 0.6554790590935169)	(3.0, 0.475473321858864)	(4.0, 0.3843947217441193)	(5.0, 0.34781985083189904)	(6.0, 0.2882960413080895)	(7.0, 0.24598393574297187)	(8.0, 0.21227768215720022)	(9.0, 0.16781411359724613)	('>10', 3.2071141709695925)	('>50', 2.126362593230063)	('>100', 3.3154044750430294)	('>500', 2.9790590935169248)	('>1k', 12.20166379804934)	('>5k', 11.151749856569133)	('>10k+', 57.243975903614455)
sample5432_S75_L001_R1_001	(1.0, 33.592233009708735)	(2.0, 10.485436893203884)	(3.0, 3.4951456310679614)	(4.0, 6.213592233009709)	(5.0, 5.825242718446602)	(6.0, 0.0)	(7.0, 2.7184466019417477)	(8.0, 1.5533980582524272)	(9.0, 1.7475728155339807)	('>10', 24.466019417475728)	('>50', 9.902912621359224)	('>100', 0.0)	('>500', 0.0)	('>1k', 0.0)	('>5k', 0.0)	('>10k+', 0.0)
sample5432_S75_L001_R2_001	(1.0, 56.50485436893204)	(2.0, 5.048543689320388)	(3.0, 4.077669902912621)	(4.0, 1.5533980582524272)	(5.0, 1.9417475728155338)	(6.0, 3.4951456310679614)	(7.0, 2.7184466019417477)	(8.0, 0.0)	(9.0, 0.0)	('>10', 24.660194174757283)	('>50', 0.0)	('>100', 0.0)	('>500', 0.0)	('>1k', 0.0)	('>5k', 0.0)	('>10k+', 0.0)
sample5926_S101_L001_R1_001	(1.0, 6.023207349804983)	(2.0, 1.835829488416597)	(3.0, 1.1798285802323978)	(4.0, 0.8822360792390713)	(5.0, 0.6284310307079782)	(6.0, 0.5692368820090332)	(7.0, 0.5392343682849103)	(8.0, 0.3697607096810814)	(9.0, 0.29921425849192773)	('>10', 8.752625219950861)	('>50', 6.395400695733968)	('>100', 23.73523187077836)	('>500', 15.96539169497985)	('>1k', 32.82437177168898)	('>5k', 0.0)	('>10k+', 0.0)
sample5926_S101_L001_R2_001	(1.0, 13.628439139495471)	(2.0, 2.5737291502801587)	(3.0, 1.7052780097791975)	(4.0, 1.3817373888082514)	(5.0, 1.285242817641478)	(6.0, 1.1384737640180664)	(7.0, 0.9081841992166911)	(8.0, 0.8498009292670466)	(9.0, 0.7151950568831442)	('>10', 17.274149996351046)	('>50', 8.421786690236209)	('>100', 41.72376604526325)	('>500', 8.39421681275999)	('>1k', 0.0)	('>5k', 0.0)	('>10k+', 0.0)
sample5927_S102_L001_R1_001	(1.0, 6.623722035688687)	(2.0, 2.2126230806956655)	(3.0, 1.2223186328139737)	(4.0, 0.9733278002037198)	(5.0, 0.7498019391104237)	(6.0, 0.5772060210510431)	(7.0, 0.5083562832459351)	(8.0, 0.3772588372882635)	(9.0, 0.4159278681103105)	('>10', 10.245406873656016)	('>50', 6.321914965858075)	('>100', 28.91311728977251)	('>500', 10.787716452257893)	('>1k', 30.071301920247485)	('>5k', 0.0)	('>10k+', 0.0)
sample5927_S102_L001_R2_001	(1.0, 13.327611574301129)	(2.0, 2.597427094729694)	(3.0, 1.8023540951446786)	(4.0, 1.47508205379711)	(5.0, 1.3581318142377485)	(6.0, 1.063869921152903)	(7.0, 0.8582638548307995)	(8.0, 1.0110536839325461)	(9.0, 0.8742973554155505)	('>10', 18.11125363111631)	('>50', 10.45195608707134)	('>100', 42.56894405251443)	('>500', 4.499754781755763)	('>1k', 0.0)	('>5k', 0.0)	('>10k+', 0.0)
sample5928_S103_L001_R1_001	(1.0, 6.540226478802411)	(2.0, 1.9019908941512433)	(3.0, 1.2257873326328834)	(4.0, 0.9949980692726994)	(5.0, 0.7992313011305979)	(6.0, 0.5603599234893181)	(7.0, 0.6160367107590902)	(8.0, 0.5388076187397289)	(9.0, 0.4041057140547967)	('>10', 9.130095099544707)	('>50', 7.551388776637302)	('>100', 25.711899566259866)	('>500', 10.925222482645905)	('>1k', 33.099850031879456)	('>5k', 0.0)	('>10k+', 0.0)
sample5928_S103_L001_R2_001	(1.0, 12.455436119866734)	(2.0, 2.2378476431656744)	(3.0, 1.3631832754115143)	(4.0, 1.1458642025198236)	(5.0, 0.8396418725360776)	(6.0, 0.8405398852339772)	(7.0, 0.7229002218091364)	(8.0, 0.7471465646524242)	(9.0, 0.751636628141922)	('>10', 16.414774104905845)	('>50', 10.197832197347271)	('>100', 35.09074418312275)	('>500', 14.091615255439713)	('>1k', 3.10083784584714)	('>5k', 0.0)	('>10k+', 0.0)
sample5929_S104_L001_R1_001	(1.0, 6.355381532502159)	(2.0, 2.089394561872741)	(3.0, 1.2249620605521971)	(4.0, 0.8317333087390688)	(5.0, 0.6833292808692955)	(6.0, 0.5282177263161425)	(7.0, 0.422574181052914)	(8.0, 0.4829419212033303)	(9.0, 0.4904878887221323)	('>10', 9.624462349814285)	('>50', 6.98924280408153)	('>100', 24.14961138267278)	('>500', 12.527144522046802)	('>1k', 33.60051647955462)	('>5k', 0.0)	('>10k+', 0.0)
sample5929_S104_L001_R2_001	(1.0, 11.658519816549145)	(2.0, 2.1715617637441413)	(3.0, 1.363304798396901)	(4.0, 0.9222849189646932)	(5.0, 0.8803628771935709)	(6.0, 0.7847806219554117)	(7.0, 0.5575631555559282)	(8.0, 0.5500171880371262)	(9.0, 0.5659475639101527)	('>10', 13.932371362214827)	('>50', 10.453680336047087)	('>100', 28.093637072499977)	('>500', 20.3556666023862)	('>1k', 7.710301922544836)	('>5k', 0.0)	('>10k+', 0.0)
sample5930_S105_L001_R1_001	(1.0, 6.310840128071746)	(2.0, 2.0194688409829586)	(3.0, 1.258135539909511)	(4.0, 0.8323050494785995)	(5.0, 0.7500423410999009)	(6.0, 0.5709999758050858)	(7.0, 0.5645479986773447)	(8.0, 0.47744630745284006)	(9.0, 0.3629237134354359)	('>10', 9.86668602259805)	('>50', 6.443912156331407)	('>100', 24.63687466227932)	('>500', 13.200745203358256)	('>1k', 32.70507206051955)	('>5k', 0.0)	('>10k+', 0.0)
sample5930_S105_L001_R2_001	(1.0, 11.266765059317866)	(2.0, 1.837200487124273)	(3.0, 1.129902494495657)	(4.0, 0.7581073125095771)	(5.0, 0.5524505415628301)	(6.0, 0.4597033703515521)	(7.0, 0.4572838789286492)	(8.0, 0.4258304904309115)	(9.0, 0.32663134209189226)	('>10', 10.646568757913753)	('>50', 9.473115417805843)	('>100', 23.385997596638518)	('>500', 14.404845434822933)	('>1k', 24.875597816005744)	('>5k', 0.0)	('>10k+', 0.0)
sample6076_S81_L001_R1_001	(1.0, 2.3091941199632497)	(2.0, 0.9548497178107364)	(3.0, 0.6619963249770311)	(4.0, 0.42328389552434703)	(5.0, 0.35273657960362254)	(6.0, 0.27562672266701665)	(7.0, 0.2928533928337052)	(8.0, 0.22968893555584724)	(9.0, 0.14027431421446385)	('>10', 2.8875180469877937)	('>50', 1.5184079275495472)	('>100', 8.852047512796956)	('>500', 6.76105788161176)	('>1k', 34.54685654285339)	('>5k', 10.395885286783042)	('>10k+', 29.397722798267488)
sample6076_S81_L001_R2_001	(1.0, 5.665113531959575)	(2.0, 0.7382858642866518)	(3.0, 0.39375246095288097)	(4.0, 0.31828323927024543)	(5.0, 0.29121275757973486)	(6.0, 0.21656385352408453)	(7.0, 0.252657829111432)	(8.0, 0.24281401758760993)	(9.0, 0.3026972043575272)	('>10', 3.6454915343220895)	('>50', 1.0532878330489566)	('>100', 3.392833705210658)	('>500', 2.0311064444152778)	('>1k', 4.188541803386271)	('>5k', 13.02828455177845)	('>10k+', 64.23907336920855)
sample6077_S82_L001_R1_001	(1.0, 2.61847035486004)	(2.0, 0.9997795900374697)	(3.0, 0.6718095657923738)	(4.0, 0.4337668062596429)	(5.0, 0.29975754904121665)	(6.0, 0.3015208287414591)	(7.0, 0.24685915803394315)	(8.0, 0.23275292043200355)	(9.0, 0.19836896627727577)	('>10', 3.504518404231871)	('>50', 1.8346925281022701)	('>100', 9.091470134450077)	('>500', 8.650650209389465)	('>1k', 33.07383733744766)	('>5k', 15.3396517522592)	('>10k+', 22.502093894644037)
sample6077_S82_L001_R2_001	(1.0, 4.84196605686577)	(2.0, 0.5325104694732202)	(3.0, 0.36499889795018736)	(4.0, 0.26449195503636763)	(5.0, 0.2556755565351554)	(6.0, 0.23275292043200355)	(7.0, 0.2283447211813974)	(8.0, 0.19043420762618468)	(9.0, 0.20630372492836677)	('>10', 2.74807141282786)	('>50', 1.8981705973109984)	('>100', 2.9305708618029533)	('>500', 1.271324663874807)	('>1k', 2.377782675776945)	('>5k', 16.290059510689883)	('>10k+', 65.3665417676879)
sample6078_S83_L001_R1_001	(1.0, 2.452622905795111)	(2.0, 0.9502883823125516)	(3.0, 0.6097226036803076)	(4.0, 0.43943971436418566)	(5.0, 0.34331227684702004)	(6.0, 0.3021148036253776)	(7.0, 0.22429735420671976)	(8.0, 0.22704385242149594)	(9.0, 0.23894534468552595)	('>10', 3.7910830357960266)	('>50', 1.9042387622448045)	('>100', 9.798590130916415)	('>500', 8.496749977112515)	('>1k', 23.08157099697885)	('>5k', 21.602123958619426)	('>10k+', 25.537855900393662)
sample6078_S83_L001_R2_001	(1.0, 4.869541334798132)	(2.0, 0.5456376453355305)	(3.0, 0.3542982697061247)	(4.0, 0.2856358143367207)	(5.0, 0.21971985718209283)	(6.0, 0.20873386432298818)	(7.0, 0.2883823125514968)	(8.0, 0.20507186670328664)	(9.0, 0.1730293875308981)	('>10', 3.105373981506912)	('>50', 1.9628307241600293)	('>100', 2.475510390918246)	('>500', 2.246635539686899)	('>1k', 6.098141536208002)	('>5k', 12.551496841527051)	('>10k+', 64.40996063352559)
sample6079_S84_L001_R1_001	(1.0, 2.5149139253451507)	(2.0, 0.8897221748764275)	(3.0, 0.6212715186637123)	(4.0, 0.5045167888188171)	(5.0, 0.4431566388273394)	(6.0, 0.2761206749616499)	(7.0, 0.2386228055224135)	(8.0, 0.21135162774842337)	(9.0, 0.18408044997443326)	('>10', 2.894153741264701)	('>50', 1.6320095449122207)	('>100', 11.584284983807738)	('>500', 6.845917845576956)	('>1k', 17.110107380262484)	('>5k', 33.032214078745525)	('>10k+', 21.017555820692007)
sample6079_S84_L001_R2_001	(1.0, 5.08181353332197)	(2.0, 0.6391682290778933)	(3.0, 0.40139764786091703)	(4.0, 0.28975626384864495)	(5.0, 0.2556672916311573)	(6.0, 0.24544059996591105)	(7.0, 0.20282938469405148)	(8.0, 0.27271177773990113)	(9.0, 0.15340037497869438)	('>10', 3.4293506050792564)	('>50', 0.9348900630645985)	('>100', 3.5452531106187153)	('>500', 3.9628430202829383)	('>1k', 4.988921084029316)	('>5k', 10.797681949889212)	('>10k+', 64.79887506391682)
sample6080_S85_L001_R1_001	(1.0, 2.4689698436169736)	(2.0, 0.9732490926199757)	(3.0, 0.6102970829412555)	(4.0, 0.4588430344580364)	(5.0, 0.31814311959492764)	(6.0, 0.2688533405027557)	(7.0, 0.2509297844692387)	(8.0, 0.20074382757539094)	(9.0, 0.19357440516198413)	('>10', 3.6967334319128917)	('>50', 1.7242460904243404)	('>100', 9.713671192364565)	('>500', 8.7511762333647)	('>1k', 16.918044540036746)	('>5k', 23.09808666039342)	('>10k+', 30.3544383205628)
sample6080_S85_L001_R2_001	(1.0, 6.033965138683515)	(2.0, 0.6542097952233723)	(3.0, 0.36295200967872027)	(4.0, 0.3692252542904512)	(5.0, 0.3719137876954788)	(6.0, 0.2688533405027557)	(7.0, 0.2948424967513555)	(8.0, 0.2509297844692387)	(9.0, 0.11291840301115741)	('>10', 3.978133261639109)	('>50', 0.9938611820585204)	('>100', 3.081059282161581)	('>500', 1.5450105300891697)	('>1k', 1.2179056324774835)	('>5k', 12.455079087690999)	('>10k+', 68.00914101357709)
sample6285_S140_L001_R1_001	(1.0, 3.2594189508264035)	(2.0, 1.2216404886561953)	(3.0, 0.9085309516476748)	(4.0, 0.769941484447182)	(5.0, 0.5261266810389077)	(6.0, 0.4465660609793655)	(7.0, 0.4132019299866544)	(8.0, 0.4311672312904219)	(9.0, 0.3695719125346474)	('>10', 2.394518016630736)	('>50', 1.6759059644800327)	('>100', 4.144851657940663)	('>500', 10.861307873934914)	('>1k', 16.528077199466175)	('>5k', 56.04917359614002)	('>10k+', 0.0)
sample6285_S140_L001_R2_001	(1.0, 12.077815419361462)	(2.0, 2.089107894466687)	(3.0, 1.0009239297813366)	(4.0, 0.5440919823426753)	(5.0, 0.3464736680012319)	(6.0, 0.0769941484447182)	(7.0, 0.14372241043014064)	(8.0, 0.061595318755774564)	(9.0, 0.06929473360024638)	('>10', 2.3149573965711943)	('>50', 2.5998357458166512)	('>100', 20.092906272456627)	('>500', 44.1792423775793)	('>1k', 14.403038702391951)	('>5k', 0.0)	('>10k+', 0.0)
sample6286_S141_L001_R1_001	(1.0, 7.42690608254207)	(2.0, 2.1622637961831344)	(3.0, 1.3819686001692206)	(4.0, 0.714487167434427)	(5.0, 0.658080285794867)	(6.0, 0.7332894613142803)	(7.0, 0.39484817147692014)	(8.0, 0.30083670207765345)	(9.0, 0.33844128983736016)	('>10', 5.471467519037323)	('>50', 4.916799849581649)	('>100', 20.400488859640873)	('>500', 11.817241703487825)	('>1k', 43.28288051142239)	('>5k', 0.0)	('>10k+', 0.0)
sample6286_S141_L001_R2_001	(1.0, 16.06656012033468)	(2.0, 2.6511234370593213)	(3.0, 1.2409513960703205)	(4.0, 0.9025101062329604)	(5.0, 1.0341261633919339)	(6.0, 0.9025101062329604)	(7.0, 0.46065620005640684)	(8.0, 0.8273009307135472)	(9.0, 0.25383096737802013)	('>10', 11.958258907586726)	('>50', 14.449562846667293)	('>100', 42.43677728682899)	('>500', 6.815831531446836)	('>1k', 0.0)	('>5k', 0.0)	('>10k+', 0.0)
sample6287_S142_L001_R1_001	(1.0, 7.441323585994613)	(2.0, 1.6621777606771835)	(3.0, 0.7387456714120816)	(4.0, 0.6156213928434013)	(5.0, 0.5771450557906888)	(6.0, 0.3693728357060408)	(7.0, 0.4848018468641785)	(8.0, 0.2462485571373605)	(9.0, 0.8310888803385917)	('>10', 14.721046556367835)	('>50', 5.063485956136976)	('>100', 18.784147749134284)	('>500', 4.547903039630627)	('>1k', 43.91689111196614)	('>5k', 0.0)	('>10k+', 0.0)
sample6287_S142_L001_R2_001	(1.0, 14.705656021546748)	(2.0, 2.5702193151212005)	(3.0, 2.3778376298576376)	(4.0, 1.816083108888034)	(5.0, 1.9238168526356292)	(6.0, 0.923432089265102)	(7.0, 1.13120430934975)	(8.0, 0.6771835321277415)	(9.0, 0.4848018468641785)	('>10', 14.482493266641017)	('>50', 7.926125432858792)	('>100', 24.455559830704118)	('>500', 0.0)	('>1k', 26.52558676414005)	('>5k', 0.0)	('>10k+', 0.0)
sample6288_S143_L001_R1_001	(1.0, 5.262058012204297)	(2.0, 1.5547939480063528)	(3.0, 1.3541753740700493)	(4.0, 1.0198110841762098)	(5.0, 0.5642397391958539)	(6.0, 0.5767784000668729)	(7.0, 0.5266237565827969)	(8.0, 0.6018557218089108)	(9.0, 0.6018557218089108)	('>10', 5.613140516592828)	('>50', 3.606954777229792)	('>100', 7.7614310791607455)	('>500', 11.961882470952103)	('>1k', 9.19083841845691)	('>5k', 49.80356097968737)	('>10k+', 0.0)
sample6288_S143_L001_R2_001	(1.0, 14.749644737941988)	(2.0, 2.666555211903369)	(3.0, 1.3165593914569924)	(4.0, 0.9027835827133661)	(5.0, 0.5433419710774889)	(6.0, 0.47646911309872103)	(7.0, 0.497366881217086)	(8.0, 0.3343642898938393)	(9.0, 0.48900777396974004)	('>10', 3.9998328178550526)	('>50', 9.86374655186826)	('>100', 19.422385689208394)	('>500', 40.073560143776646)	('>1k', 4.664381844019059)	('>5k', 0.0)	('>10k+', 0.0)
sample6289_S144_L001_R1_001	(1.0, 4.50237930613739)	(2.0, 1.2364257534469436)	(3.0, 0.5368690771545939)	(4.0, 0.5206003172408183)	(5.0, 0.3253751982755114)	(6.0, 0.2928376784479603)	(7.0, 0.25623296864196526)	(8.0, 0.19522511896530687)	(9.0, 0.2928376784479603)	('>10', 3.469313051612641)	('>50', 0.21962825883597026)	('>100', 6.735266604303088)	('>500', 6.222800667019157)	('>1k', 14.641883922398016)	('>5k', 0.0)	('>10k+', 60.552324399072674)
sample6289_S144_L001_R2_001	(1.0, 9.635173058933583)	(2.0, 1.2608288933176068)	(3.0, 0.8053036157318909)	(4.0, 0.4392565176719405)	(5.0, 0.3660470980599504)	(6.0, 0.31724081831862366)	(7.0, 0.25623296864196526)	(8.0, 0.032537519827551147)	(9.0, 0.2928376784479603)	('>10', 3.806889819823484)	('>50', 1.6390775613128887)	('>100', 19.811282385000204)	('>500', 2.1230731687477125)	('>1k', 0.0)	('>5k', 0.0)	('>10k+', 59.21421889616464)
sample6290_S145_L001_R1_001	(1.0, 2.2014358154965987)	(2.0, 0.80112734817971)	(3.0, 0.5126327352618089)	(4.0, 0.43052273004671393)	(5.0, 0.3772621861234091)	(6.0, 0.3528511034918944)	(7.0, 0.2640835302863864)	(8.0, 0.27517947693707484)	(9.0, 0.23967244765487167)	('>10', 3.6594432053970687)	('>50', 0.6724143670317233)	('>100', 6.052838897950578)	('>500', 0.6502224737303464)	('>1k', 11.65851114587841)	('>5k', 11.091508272028229)	('>10k+', 60.76029426450518)
sample6290_S145_L001_R2_001	(1.0, 7.800450495434018)	(2.0, 1.646638482962174)	(3.0, 1.0585533104756832)	(4.0, 0.7545243722468182)	(5.0, 0.4660297593289171)	(6.0, 0.38613894344395994)	(7.0, 0.30291934356379613)	(8.0, 0.16865838909046527)	(9.0, 0.19972703971239308)	('>10', 3.231139664680492)	('>50', 0.06324689590892447)	('>100', 0.0)	('>500', 5.620096978573727)	('>1k', 67.28360130044496)	('>5k', 11.018275024133683)	('>10k+', 0.0)
sample6291_S146_L001_R1_001	(1.0, 5.183324477078402)	(2.0, 1.5506497270663253)	(3.0, 0.7753248635331627)	(4.0, 0.66663446210328)	(5.0, 0.567605429689387)	(6.0, 0.42026955219554607)	(7.0, 0.30433312400367135)	(8.0, 0.3091638085116661)	(9.0, 0.4130235254335539)	('>10', 5.637408820829911)	('>50', 4.451475774117193)	('>100', 14.523452973286316)	('>500', 8.262885850925077)	('>1k', 38.464325394908464)	('>5k', 18.470122216318053)	('>10k+', 0.0)
sample6291_S146_L001_R2_001	(1.0, 11.137143133181972)	(2.0, 2.1206704990097096)	(3.0, 1.33326892420656)	(4.0, 0.9661369015989565)	(5.0, 0.8332930776291001)	(6.0, 0.6811265156272643)	(7.0, 0.5748514564513791)	(8.0, 0.48306845079947824)	(9.0, 0.45649968600550694)	('>10', 8.132457369209217)	('>50', 4.808946427708807)	('>100', 16.61755470750205)	('>500', 27.090478720834742)	('>1k', 6.482778609728998)	('>5k', 18.281725520506257)	('>10k+', 0.0)
sample6292_S147_L001_R1_001	(1.0, 2.785026827282407)	(2.0, 0.7933359777865925)	(3.0, 0.6826864861479363)	(4.0, 0.5344579218772835)	(5.0, 0.48017703918662186)	(6.0, 0.31315893859997074)	(7.0, 0.24843942462264346)	(8.0, 0.31733439111463707)	(9.0, 0.26305350842397546)	('>10', 4.655629553852899)	('>50', 1.657654648322512)	('>100', 4.0439257604542895)	('>500', 10.26952545982171)	('>1k', 15.023278147769265)	('>5k', 33.1885843128249)	('>10k+', 24.74373160191236)
sample6292_S147_L001_R2_001	(1.0, 9.795611599407087)	(2.0, 2.2422180003757908)	(3.0, 1.0710035700119)	(4.0, 0.8267395979039228)	(5.0, 0.5532474581932817)	(6.0, 0.32568529614396957)	(7.0, 0.2922816760266394)	(8.0, 0.2505271508799766)	(9.0, 0.09394768157999123)	('>10', 3.2860811290423597)	('>50', 1.4217415812438672)	('>100', 8.089939247165912)	('>500', 26.167560909413556)	('>1k', 45.583415102611745)	('>5k', 0.0)	('>10k+', 0.0)
sample6293_S148_L001_R1_001	(1.0, 2.8343402700082048)	(2.0, 0.7732279157653962)	(3.0, 0.6078914000149176)	(4.0, 0.42763730389597476)	(5.0, 0.42888043559334676)	(6.0, 0.27597523681658837)	(7.0, 0.3567787971457696)	(8.0, 0.2983516073692847)	(9.0, 0.3244573730140971)	('>10', 4.746276820566371)	('>50', 2.632952935033938)	('>100', 8.6236045846697)	('>500', 6.042863180925387)	('>1k', 13.127470724248527)	('>5k', 0.0)	('>10k+', 58.4992914149325)
sample6293_S148_L001_R2_001	(1.0, 8.800129285696528)	(2.0, 1.5389970413465603)	(3.0, 1.3761467889908259)	(4.0, 0.9547251435817111)	(5.0, 0.764525993883792)	(6.0, 0.6265383754754978)	(7.0, 0.46990378160662344)	(8.0, 0.3580219288431416)	(9.0, 0.24614007607965988)	('>10', 5.0471146913304)	('>50', 2.396757912533254)	('>100', 6.725342482782626)	('>500', 0.0)	('>1k', 70.69565649784938)	('>5k', 0.0)	('>10k+', 0.0)
sample6294_S149_L001_R1_001	(1.0, 3.410250858362461)	(2.0, 1.2465588171610629)	(3.0, 0.7145287512759442)	(4.0, 0.5815212348046646)	(5.0, 0.471712703764422)	(6.0, 0.42686133193108355)	(7.0, 0.30313340963221874)	(8.0, 0.19796467567818365)	(9.0, 0.11135513006897832)	('>10', 4.482043985276377)	('>50', 1.5481456277645458)	('>100', 9.701815707259735)	('>500', 5.74716199078227)	('>1k', 24.942002536422407)	('>5k', 9.810077639271242)	('>10k+', 36.3048656005444)
sample6294_S149_L001_R2_001	(1.0, 10.931361935104706)	(2.0, 1.930155587862291)	(3.0, 1.2991431841380803)	(4.0, 0.7671131182529618)	(5.0, 0.5567756503448915)	(6.0, 0.4454205202759133)	(7.0, 0.32478579603452007)	(8.0, 0.27220142905750255)	(9.0, 0.29230721643106805)	('>10', 6.746264963345602)	('>50', 3.1117572458164497)	('>100', 24.898697763617804)	('>500', 14.217884871168302)	('>1k', 34.20613071854991)	('>5k', 0.0)	('>10k+', 0.0)
sample6615_S140_L001_R1_001	(1.0, 7.3649754500818325)	(2.0, 2.618657937806874)	(3.0, 0.9819967266775778)	(4.0, 1.5275504637206765)	(5.0, 0.0)	(6.0, 0.0)	(7.0, 0.3818876159301691)	(8.0, 0.0)	(9.0, 0.0)	('>10', 5.782869612656847)	('>50', 0.0)	('>100', 81.34206219312603)	('>500', 0.0)	('>1k', 0.0)	('>5k', 0.0)	('>10k+', 0.0)
sample6615_S140_L001_R2_001	(1.0, 14.12984178941626)	(2.0, 1.8548827059465356)	(3.0, 2.2913256955810146)	(4.0, 0.2182214948172395)	(5.0, 0.0)	(6.0, 0.0)	(7.0, 0.0)	(8.0, 0.0)	(9.0, 0.0)	('>10', 0.6546644844517185)	('>50', 0.0)	('>100', 33.387888707037646)	('>500', 47.46317512274959)	('>1k', 0.0)	('>5k', 0.0)	('>10k+', 0.0)
sample6616_S141_L001_R1_001	(1.0, 5.654905751570808)	(2.0, 2.319961333977767)	(3.0, 1.7399710004833253)	(4.0, 1.4177541485419687)	(5.0, 0.644433703882713)	(6.0, 0.8699855002416627)	(7.0, 0.5638794908973739)	(8.0, 0.2577734815530852)	(9.0, 0.0)	('>10', 3.8343805381021423)	('>50', 2.2877396487836315)	('>100', 0.0)	('>500', 0.0)	('>1k', 80.40921540196553)	('>5k', 0.0)	('>10k+', 0.0)
sample6616_S141_L001_R2_001	(1.0, 7.974867085548574)	(2.0, 1.5788625745126472)	(3.0, 1.1599806669888835)	(4.0, 1.288867407765426)	(5.0, 0.8860963428387304)	(6.0, 0.5799903334944417)	(7.0, 0.4511035927178992)	(8.0, 0.644433703882713)	(9.0, 0.14499758337361043)	('>10', 3.3671661027871758)	('>50', 1.2405348799742226)	('>100', 0.0)	('>500', 0.0)	('>1k', 80.68309972611569)	('>5k', 0.0)	('>10k+', 0.0)
sample6617_S142_L001_R1_001	(1.0, 6.8112633181126325)	(2.0, 1.9025875190258752)	(3.0, 0.684931506849315)	(4.0, 0.60882800608828)	(5.0, 0.0)	(6.0, 0.228310502283105)	(7.0, 0.2663622526636225)	(8.0, 0.30441400304414)	(9.0, 0.684931506849315)	('>10', 2.054794520547945)	('>50', 0.0)	('>100', 66.5144596651446)	('>500', 19.93911719939117)	('>1k', 0.0)	('>5k', 0.0)	('>10k+', 0.0)
sample6617_S142_L001_R2_001	(1.0, 12.557077625570775)	(2.0, 1.67427701674277)	(3.0, 0.684931506849315)	(4.0, 0.76103500761035)	(5.0, 0.1902587519025875)	(6.0, 0.228310502283105)	(7.0, 0.2663622526636225)	(8.0, 0.0)	(9.0, 0.0)	('>10', 2.89193302891933)	('>50', 0.0)	('>100', 14.687975646879755)	('>500', 66.05783866057838)	('>1k', 0.0)	('>5k', 0.0)	('>10k+', 0.0)
sample6618_S143_L001_R1_001	(1.0, 7.454684707684453)	(2.0, 1.6849629818738832)	(3.0, 0.9956599438345672)	(4.0, 0.3063569057952515)	(5.0, 0.2552974214960429)	(6.0, 0.0)	(7.0, 0.0)	(8.0, 0.20423793719683433)	(9.0, 0.6893030380393158)	('>10', 3.3188664794485576)	('>50', 10.926729640030636)	('>100', 60.403369925963744)	('>500', 13.760531018636712)	('>1k', 0.0)	('>5k', 0.0)	('>10k+', 0.0)
sample6618_S143_L001_R2_001	(1.0, 11.411794740873118)	(2.0, 1.8381414347715088)	(3.0, 0.7658922644881286)	(4.0, 0.40847587439366867)	(5.0, 0.0)	(6.0, 0.612713811590503)	(7.0, 0.0)	(8.0, 0.0)	(9.0, 0.0)	('>10', 1.940260403369926)	('>50', 3.854991064590248)	('>100', 23.8192494255808)	('>500', 55.348480980342096)	('>1k', 0.0)	('>5k', 0.0)	('>10k+', 0.0)
sample6619_S144_L001_R1_001	(1.0, 7.783251231527094)	(2.0, 1.477832512315271)	(3.0, 0.7389162561576355)	(4.0, 0.3940886699507389)	(5.0, 0.24630541871921183)	(6.0, 0.0)	(7.0, 0.0)	(8.0, 0.0)	(9.0, 0.4433497536945813)	('>10', 15.073891625615762)	('>50', 4.482758620689655)	('>100', 69.35960591133005)	('>500', 0.0)	('>1k', 0.0)	('>5k', 0.0)	('>10k+', 0.0)
sample6619_S144_L001_R2_001	(1.0, 12.364532019704432)	(2.0, 2.3645320197044337)	(3.0, 1.3300492610837438)	(4.0, 0.5911330049261084)	(5.0, 0.24630541871921183)	(6.0, 0.2955665024630542)	(7.0, 0.0)	(8.0, 0.0)	(9.0, 0.0)	('>10', 6.157635467980295)	('>50', 8.078817733990148)	('>100', 19.901477832512317)	('>500', 48.669950738916256)	('>1k', 0.0)	('>5k', 0.0)	('>10k+', 0.0)
sample6620_S145_L001_R1_001	(1.0, 1.663920753983279)	(2.0, 0.7654444796921849)	(3.0, 0.5188239989357456)	(4.0, 0.45435474463012043)	(5.0, 0.322346271528126)	(6.0, 0.23331730129654832)	(7.0, 0.1934077629168756)	(8.0, 0.16373143950634972)	(9.0, 0.11972861513901822)	('>10', 2.432435198166208)	('>50', 0.8514034854330185)	('>100', 4.710348850298298)	('>500', 0.5597568588123331)	('>1k', 37.5374791498245)	('>5k', 5.28954881755201)	('>10k+', 44.18395227228538)
sample6620_S145_L001_R2_001	(1.0, 4.302043573029338)	(2.0, 0.35611588092631064)	(3.0, 0.2640169462039889)	(4.0, 0.24150387327186584)	(5.0, 0.20466429938293712)	(6.0, 0.18419786944464342)	(7.0, 0.3080197705713204)	(8.0, 0.15554486753103222)	(9.0, 0.14735829555571475)	('>10', 3.2521157171948714)	('>50', 1.2873384431186745)	('>100', 1.8951914122859979)	('>500', 0.0)	('>1k', 1.2576621197081488)	('>5k', 0.0)	('>10k+', 86.14422693177517)
sample6621_S146_L001_R1_001	(1.0, 1.7463630547193756)	(2.0, 0.6523950871083795)	(3.0, 0.4562570142960531)	(4.0, 0.2643144082818515)	(5.0, 0.2359950073945102)	(6.0, 0.23284840729591677)	(7.0, 0.1615254717277981)	(8.0, 0.20138240630998205)	(9.0, 0.16047660502826697)	('>10', 3.48223744244344)	('>50', 0.7803568244511805)	('>100', 4.374823003744454)	('>500', 2.6809032840016362)	('>1k', 13.193694213402418)	('>5k', 0.0)	('>10k+', 71.37642776979473)
sample6621_S146_L001_R2_001	(1.0, 5.256919898050157)	(2.0, 0.7321089562727473)	(3.0, 0.3650056114368425)	(4.0, 0.30626907626309774)	(5.0, 0.1783073389202966)	(6.0, 0.21396880670435595)	(7.0, 0.1688675386245162)	(8.0, 0.18460053911748356)	(9.0, 0.16047660502826697)	('>10', 2.732297752278663)	('>50', 1.6184013173765746)	('>100', 2.546648346461648)	('>500', 1.2061967044608302)	('>1k', 12.64199032944903)	('>5k', 0.0)	('>10k+', 71.6879411795555)
sample6622_S147_L001_R1_001	(1.0, 2.2543140374495167)	(2.0, 0.9790723289683025)	(3.0, 0.6755599069881287)	(4.0, 0.6070248439603475)	(5.0, 0.3181985069146983)	(6.0, 0.35246603842858887)	(7.0, 0.18847142332639824)	(8.0, 0.1174886794761963)	(9.0, 0.19826214661608127)	('>10', 1.1087994125566027)	('>50', 0.8468975645575817)	('>100', 6.787418920572757)	('>500', 0.0)	('>1k', 85.5660261901848)	('>5k', 0.0)	('>10k+', 0.0)
sample6622_S147_L001_R2_001	(1.0, 5.823032676538979)	(2.0, 0.5972341206706646)	(3.0, 0.5433851425774079)	(4.0, 0.4112103781666871)	(5.0, 0.2570064863541794)	(6.0, 0.35246603842858887)	(7.0, 0.22273895484028883)	(8.0, 0.33288459184922287)	(9.0, 0.37449516583037573)	('>10', 3.676416595275976)	('>50', 1.3511198139762575)	('>100', 1.6888997674703219)	('>500', 0.0)	('>1k', 0.0)	('>5k', 15.711663199118837)	('>10k+', 68.65744706890221)
sample6623_S148_L001_R1_001	(1.0, 1.8804247880606666)	(2.0, 0.8063293825214466)	(3.0, 0.5183546030495013)	(4.0, 0.41630038295593486)	(5.0, 0.2677660230177736)	(6.0, 0.27281821213131646)	(7.0, 0.30414178463528246)	(8.0, 0.25058858003172774)	(9.0, 0.20006668889629878)	('>10', 2.215890145199915)	('>50', 0.8548303980114583)	('>100', 5.981791910434792)	('>500', 6.214192609657765)	('>1k', 15.872967756929077)	('>5k', 17.78269524184829)	('>10k+', 46.16084149261875)
sample6623_S148_L001_R2_001	(1.0, 5.12190932330979)	(2.0, 0.5900956884618105)	(3.0, 0.36072630270696293)	(4.0, 0.33546535713924847)	(5.0, 0.2829225903584023)	(6.0, 0.23644245051380763)	(7.0, 0.21219194276880174)	(8.0, 0.2182545697050532)	(9.0, 0.1636909272787899)	('>10', 3.9912293996988897)	('>50', 1.6722745965826993)	('>100', 1.6833894126324935)	('>500', 0.6355653904836966)	('>1k', 5.674618812331383)	('>5k', 0.0)	('>10k+', 78.82122323602817)
sample6624_S149_L001_R1_001	(1.0, 1.4758006666947974)	(2.0, 0.6055107810456137)	(3.0, 0.44938605004430565)	(4.0, 0.33334739862441454)	(5.0, 0.24262627115068147)	(6.0, 0.24051647748850163)	(7.0, 0.16983838980547702)	(8.0, 0.17722266762310646)	(9.0, 0.16139921515675767)	('>10', 2.5961011013122914)	('>50', 1.1435081649014727)	('>100', 5.819865817123086)	('>500', 4.281826237393982)	('>1k', 22.48723574834381)	('>5k', 0.0)	('>10k+', 59.8158150132917)
sample6624_S149_L001_R2_001	(1.0, 4.791341406810414)	(2.0, 0.575973669775096)	(3.0, 0.31963373982024557)	(4.0, 0.30381028735389676)	(5.0, 0.2479007553061311)	(6.0, 0.20886957255580405)	(7.0, 0.22152833452888307)	(8.0, 0.10127009578463227)	(9.0, 0.11392885775771129)	('>10', 2.626693109413899)	('>50', 1.4631419047217182)	('>100', 2.9990716907886408)	('>500', 2.2458753533904385)	('>1k', 4.000168783492974)	('>5k', 6.406388455209081)	('>10k+', 73.37440398329043)
