Sample	0	1	2	3	4	5	6	7	8	9	10	11	12	13	14	15	16	17	18	19	20	21	22	23	24	25	26	27	28	29	30	31	32	33	34	35
sample5278_S71_L001_R1_001	(2.0, 875.0)	(3.0, 0.0)	(4.0, 0.0)	(5.0, 0.0)	(6.0, 0.0)	(7.0, 0.0)	(8.0, 0.0)	(9.0, 0.0)	(10.0, 0.0)	(11.0, 0.0)	(12.0, 0.0)	(13.0, 0.0)	(14.0, 2.0)	(15.0, 9.0)	(16.0, 31.0)	(17.0, 56.0)	(18.0, 65.0)	(19.0, 56.0)	(20.0, 48.0)	(21.0, 80.0)	(22.0, 174.0)	(23.0, 207.0)	(24.0, 308.0)	(25.0, 383.0)	(26.0, 521.0)	(27.0, 691.0)	(28.0, 958.0)	(29.0, 1319.0)	(30.0, 1830.0)	(31.0, 2524.0)	(32.0, 3270.0)	(33.0, 4076.0)	(34.0, 5444.0)	(35.0, 7876.0)	(36.0, 13831.0)	(37.0, 61713.0)
sample5278_S71_L001_R2_001	(2.0, 863.0)	(3.0, 0.0)	(4.0, 0.0)	(5.0, 0.0)	(6.0, 0.0)	(7.0, 0.0)	(8.0, 0.0)	(9.0, 0.0)	(10.0, 0.0)	(11.0, 1.0)	(12.0, 3.0)	(13.0, 6.0)	(14.0, 67.0)	(15.0, 159.0)	(16.0, 256.0)	(17.0, 531.0)	(18.0, 751.0)	(19.0, 824.0)	(20.0, 839.0)	(21.0, 906.0)	(22.0, 999.0)	(23.0, 1195.0)	(24.0, 1264.0)	(25.0, 1482.0)	(26.0, 1690.0)	(27.0, 2028.0)	(28.0, 2362.0)	(29.0, 2842.0)	(30.0, 3455.0)	(31.0, 4315.0)	(32.0, 5382.0)	(33.0, 7011.0)	(34.0, 9323.0)	(35.0, 13972.0)	(36.0, 23678.0)	(37.0, 20143.0)
sample5279_S72_L001_R1_001	(2.0, 1346.0)	(3.0, 0.0)	(4.0, 0.0)	(5.0, 0.0)	(6.0, 0.0)	(7.0, 0.0)	(8.0, 0.0)	(9.0, 0.0)	(10.0, 0.0)	(11.0, 0.0)	(12.0, 0.0)	(13.0, 0.0)	(14.0, 3.0)	(15.0, 9.0)	(16.0, 35.0)	(17.0, 48.0)	(18.0, 64.0)	(19.0, 58.0)	(20.0, 57.0)	(21.0, 111.0)	(22.0, 189.0)	(23.0, 250.0)	(24.0, 379.0)	(25.0, 420.0)	(26.0, 548.0)	(27.0, 849.0)	(28.0, 1203.0)	(29.0, 1567.0)	(30.0, 2377.0)	(31.0, 3038.0)	(32.0, 3982.0)	(33.0, 5105.0)	(34.0, 6594.0)	(35.0, 9725.0)	(36.0, 17072.0)	(37.0, 73661.0)
sample5279_S72_L001_R2_001	(2.0, 1332.0)	(3.0, 0.0)	(4.0, 0.0)	(5.0, 0.0)	(6.0, 0.0)	(7.0, 0.0)	(8.0, 0.0)	(9.0, 0.0)	(10.0, 0.0)	(11.0, 1.0)	(12.0, 6.0)	(13.0, 24.0)	(14.0, 142.0)	(15.0, 258.0)	(16.0, 416.0)	(17.0, 790.0)	(18.0, 1144.0)	(19.0, 1096.0)	(20.0, 1196.0)	(21.0, 1310.0)	(22.0, 1354.0)	(23.0, 1623.0)	(24.0, 1751.0)	(25.0, 1970.0)	(26.0, 2246.0)	(27.0, 2674.0)	(28.0, 3041.0)	(29.0, 3637.0)	(30.0, 4392.0)	(31.0, 5418.0)	(32.0, 6651.0)	(33.0, 8626.0)	(34.0, 11761.0)	(35.0, 17109.0)	(36.0, 28177.0)	(37.0, 20545.0)
sample5280_S73_L001_R1_001	(2.0, 1214.0)	(3.0, 0.0)	(4.0, 0.0)	(5.0, 0.0)	(6.0, 0.0)	(7.0, 0.0)	(8.0, 0.0)	(9.0, 0.0)	(10.0, 0.0)	(11.0, 0.0)	(12.0, 0.0)	(13.0, 0.0)	(14.0, 0.0)	(15.0, 9.0)	(16.0, 25.0)	(17.0, 66.0)	(18.0, 97.0)	(19.0, 82.0)	(20.0, 87.0)	(21.0, 107.0)	(22.0, 168.0)	(23.0, 246.0)	(24.0, 343.0)	(25.0, 425.0)	(26.0, 603.0)	(27.0, 810.0)	(28.0, 1137.0)	(29.0, 1690.0)	(30.0, 2348.0)	(31.0, 3200.0)	(32.0, 4362.0)	(33.0, 5577.0)	(34.0, 7428.0)	(35.0, 10854.0)	(36.0, 19982.0)	(37.0, 97148.0)
sample5280_S73_L001_R2_001	(2.0, 1207.0)	(3.0, 0.0)	(4.0, 0.0)	(5.0, 0.0)	(6.0, 0.0)	(7.0, 0.0)	(8.0, 0.0)	(9.0, 0.0)	(10.0, 0.0)	(11.0, 0.0)	(12.0, 2.0)	(13.0, 14.0)	(14.0, 117.0)	(15.0, 330.0)	(16.0, 514.0)	(17.0, 778.0)	(18.0, 896.0)	(19.0, 895.0)	(20.0, 912.0)	(21.0, 970.0)	(22.0, 1020.0)	(23.0, 1224.0)	(24.0, 1349.0)	(25.0, 1592.0)	(26.0, 1826.0)	(27.0, 2111.0)	(28.0, 2625.0)	(29.0, 3100.0)	(30.0, 3858.0)	(31.0, 4934.0)	(32.0, 6458.0)	(33.0, 8379.0)	(34.0, 11956.0)	(35.0, 17900.0)	(36.0, 33313.0)	(37.0, 49728.0)
sample5281_S74_L001_R1_001	(2.0, 456.0)	(3.0, 0.0)	(4.0, 0.0)	(5.0, 0.0)	(6.0, 0.0)	(7.0, 0.0)	(8.0, 0.0)	(9.0, 0.0)	(10.0, 0.0)	(11.0, 0.0)	(12.0, 0.0)	(13.0, 0.0)	(14.0, 3.0)	(15.0, 11.0)	(16.0, 36.0)	(17.0, 68.0)	(18.0, 66.0)	(19.0, 94.0)	(20.0, 92.0)	(21.0, 121.0)	(22.0, 169.0)	(23.0, 244.0)	(24.0, 318.0)	(25.0, 414.0)	(26.0, 495.0)	(27.0, 735.0)	(28.0, 1061.0)	(29.0, 1561.0)	(30.0, 2195.0)	(31.0, 3114.0)	(32.0, 4058.0)	(33.0, 5176.0)	(34.0, 7014.0)	(35.0, 9999.0)	(36.0, 18610.0)	(37.0, 90038.0)
sample5281_S74_L001_R2_001	(2.0, 444.0)	(3.0, 0.0)	(4.0, 0.0)	(5.0, 0.0)	(6.0, 0.0)	(7.0, 0.0)	(8.0, 0.0)	(9.0, 0.0)	(10.0, 1.0)	(11.0, 1.0)	(12.0, 8.0)	(13.0, 18.0)	(14.0, 145.0)	(15.0, 331.0)	(16.0, 543.0)	(17.0, 755.0)	(18.0, 959.0)	(19.0, 956.0)	(20.0, 968.0)	(21.0, 993.0)	(22.0, 1006.0)	(23.0, 1203.0)	(24.0, 1300.0)	(25.0, 1464.0)	(26.0, 1670.0)	(27.0, 2025.0)	(28.0, 2417.0)	(29.0, 2906.0)	(30.0, 3604.0)	(31.0, 4455.0)	(32.0, 5672.0)	(33.0, 7517.0)	(34.0, 10299.0)	(35.0, 16010.0)	(36.0, 28849.0)	(37.0, 49629.0)
sample5282_S75_L001_R1_001	(2.0, 1415.0)	(3.0, 0.0)	(4.0, 0.0)	(5.0, 0.0)	(6.0, 0.0)	(7.0, 0.0)	(8.0, 0.0)	(9.0, 0.0)	(10.0, 0.0)	(11.0, 0.0)	(12.0, 0.0)	(13.0, 0.0)	(14.0, 0.0)	(15.0, 2.0)	(16.0, 32.0)	(17.0, 68.0)	(18.0, 76.0)	(19.0, 60.0)	(20.0, 60.0)	(21.0, 92.0)	(22.0, 138.0)	(23.0, 219.0)	(24.0, 287.0)	(25.0, 394.0)	(26.0, 518.0)	(27.0, 659.0)	(28.0, 975.0)	(29.0, 1421.0)	(30.0, 1924.0)	(31.0, 2735.0)	(32.0, 3702.0)	(33.0, 4801.0)	(34.0, 6343.0)	(35.0, 9430.0)	(36.0, 16944.0)	(37.0, 79868.0)
sample5282_S75_L001_R2_001	(2.0, 1401.0)	(3.0, 0.0)	(4.0, 0.0)	(5.0, 0.0)	(6.0, 0.0)	(7.0, 0.0)	(8.0, 0.0)	(9.0, 0.0)	(10.0, 0.0)	(11.0, 0.0)	(12.0, 4.0)	(13.0, 13.0)	(14.0, 69.0)	(15.0, 149.0)	(16.0, 275.0)	(17.0, 541.0)	(18.0, 787.0)	(19.0, 778.0)	(20.0, 827.0)	(21.0, 873.0)	(22.0, 1015.0)	(23.0, 1069.0)	(24.0, 1132.0)	(25.0, 1328.0)	(26.0, 1582.0)	(27.0, 1850.0)	(28.0, 2210.0)	(29.0, 2720.0)	(30.0, 3267.0)	(31.0, 4224.0)	(32.0, 5344.0)	(33.0, 6977.0)	(34.0, 9675.0)	(35.0, 14756.0)	(36.0, 27567.0)	(37.0, 41730.0)
sample5428_S71_L001_R1_001	(14.0, 1.0)	(15.0, 0.0)	(16.0, 0.0)	(17.0, 1.0)	(18.0, 7.0)	(19.0, 19.0)	(20.0, 64.0)	(21.0, 133.0)	(22.0, 291.0)	(23.0, 420.0)	(24.0, 515.0)	(25.0, 619.0)	(26.0, 824.0)	(27.0, 978.0)	(28.0, 1191.0)	(29.0, 1491.0)	(30.0, 1889.0)	(31.0, 2446.0)	(32.0, 3297.0)	(33.0, 4433.0)	(34.0, 6122.0)	(35.0, 9580.0)	(36.0, 19060.0)	(37.0, 65234.0)												
sample5428_S71_L001_R2_001	(13.0, 17.0)	(14.0, 86.0)	(15.0, 120.0)	(16.0, 174.0)	(17.0, 250.0)	(18.0, 319.0)	(19.0, 338.0)	(20.0, 409.0)	(21.0, 525.0)	(22.0, 658.0)	(23.0, 761.0)	(24.0, 821.0)	(25.0, 996.0)	(26.0, 1114.0)	(27.0, 1427.0)	(28.0, 1765.0)	(29.0, 2098.0)	(30.0, 2693.0)	(31.0, 3570.0)	(32.0, 4567.0)	(33.0, 6283.0)	(34.0, 9134.0)	(35.0, 14487.0)	(36.0, 27531.0)	(37.0, 38472.0)											
sample5429_S72_L001_R1_001	(2.0, 1.0)	(3.0, 0.0)	(4.0, 0.0)	(5.0, 0.0)	(6.0, 0.0)	(7.0, 0.0)	(8.0, 0.0)	(9.0, 0.0)	(10.0, 0.0)	(11.0, 0.0)	(12.0, 0.0)	(13.0, 0.0)	(14.0, 0.0)	(15.0, 0.0)	(16.0, 3.0)	(17.0, 4.0)	(18.0, 11.0)	(19.0, 28.0)	(20.0, 63.0)	(21.0, 163.0)	(22.0, 313.0)	(23.0, 498.0)	(24.0, 617.0)	(25.0, 766.0)	(26.0, 947.0)	(27.0, 1164.0)	(28.0, 1527.0)	(29.0, 1894.0)	(30.0, 2475.0)	(31.0, 3129.0)	(32.0, 4175.0)	(33.0, 5677.0)	(34.0, 7684.0)	(35.0, 11536.0)	(36.0, 23689.0)	(37.0, 84164.0)
sample5429_S72_L001_R2_001	(2.0, 1.0)	(3.0, 0.0)	(4.0, 0.0)	(5.0, 0.0)	(6.0, 0.0)	(7.0, 0.0)	(8.0, 0.0)	(9.0, 0.0)	(10.0, 0.0)	(11.0, 1.0)	(12.0, 4.0)	(13.0, 80.0)	(14.0, 257.0)	(15.0, 303.0)	(16.0, 307.0)	(17.0, 387.0)	(18.0, 466.0)	(19.0, 535.0)	(20.0, 618.0)	(21.0, 702.0)	(22.0, 845.0)	(23.0, 1006.0)	(24.0, 1154.0)	(25.0, 1381.0)	(26.0, 1757.0)	(27.0, 1931.0)	(28.0, 2418.0)	(29.0, 2988.0)	(30.0, 3748.0)	(31.0, 4818.0)	(32.0, 6302.0)	(33.0, 8432.0)	(34.0, 11858.0)	(35.0, 18810.0)	(36.0, 36033.0)	(37.0, 43386.0)
sample5430_S73_L001_R1_001	(2.0, 57.0)	(3.0, 0.0)	(4.0, 0.0)	(5.0, 0.0)	(6.0, 0.0)	(7.0, 0.0)	(8.0, 0.0)	(9.0, 0.0)	(10.0, 0.0)	(11.0, 0.0)	(12.0, 0.0)	(13.0, 0.0)	(14.0, 0.0)	(15.0, 0.0)	(16.0, 1.0)	(17.0, 7.0)	(18.0, 14.0)	(19.0, 33.0)	(20.0, 69.0)	(21.0, 181.0)	(22.0, 298.0)	(23.0, 569.0)	(24.0, 1057.0)	(25.0, 930.0)	(26.0, 795.0)	(27.0, 1021.0)	(28.0, 1217.0)	(29.0, 1533.0)	(30.0, 2187.0)	(31.0, 2944.0)	(32.0, 4139.0)	(33.0, 5654.0)	(34.0, 8011.0)	(35.0, 12301.0)	(36.0, 25930.0)	(37.0, 110303.0)
sample5430_S73_L001_R2_001	(2.0, 53.0)	(3.0, 0.0)	(4.0, 0.0)	(5.0, 0.0)	(6.0, 0.0)	(7.0, 0.0)	(8.0, 0.0)	(9.0, 0.0)	(10.0, 0.0)	(11.0, 0.0)	(12.0, 5.0)	(13.0, 53.0)	(14.0, 193.0)	(15.0, 333.0)	(16.0, 269.0)	(17.0, 373.0)	(18.0, 389.0)	(19.0, 421.0)	(20.0, 462.0)	(21.0, 561.0)	(22.0, 632.0)	(23.0, 762.0)	(24.0, 1105.0)	(25.0, 1052.0)	(26.0, 1135.0)	(27.0, 1390.0)	(28.0, 1664.0)	(29.0, 2248.0)	(30.0, 2681.0)	(31.0, 3650.0)	(32.0, 4723.0)	(33.0, 6757.0)	(34.0, 9703.0)	(35.0, 15668.0)	(36.0, 33888.0)	(37.0, 89081.0)
sample5431_S74_L001_R1_001	(2.0, 1.0)	(3.0, 0.0)	(4.0, 0.0)	(5.0, 0.0)	(6.0, 0.0)	(7.0, 0.0)	(8.0, 0.0)	(9.0, 0.0)	(10.0, 0.0)	(11.0, 0.0)	(12.0, 0.0)	(13.0, 0.0)	(14.0, 0.0)	(15.0, 1.0)	(16.0, 1.0)	(17.0, 2.0)	(18.0, 14.0)	(19.0, 27.0)	(20.0, 68.0)	(21.0, 173.0)	(22.0, 331.0)	(23.0, 506.0)	(24.0, 579.0)	(25.0, 641.0)	(26.0, 787.0)	(27.0, 936.0)	(28.0, 1098.0)	(29.0, 1496.0)	(30.0, 1900.0)	(31.0, 2490.0)	(32.0, 3347.0)	(33.0, 4603.0)	(34.0, 6505.0)	(35.0, 9585.0)	(36.0, 19112.0)	(37.0, 85237.0)
sample5431_S74_L001_R2_001	(2.0, 1.0)	(3.0, 0.0)	(4.0, 0.0)	(5.0, 0.0)	(6.0, 0.0)	(7.0, 0.0)	(8.0, 0.0)	(9.0, 0.0)	(10.0, 0.0)	(11.0, 0.0)	(12.0, 2.0)	(13.0, 47.0)	(14.0, 220.0)	(15.0, 413.0)	(16.0, 452.0)	(17.0, 587.0)	(18.0, 524.0)	(19.0, 547.0)	(20.0, 539.0)	(21.0, 595.0)	(22.0, 777.0)	(23.0, 862.0)	(24.0, 927.0)	(25.0, 1069.0)	(26.0, 1198.0)	(27.0, 1539.0)	(28.0, 1759.0)	(29.0, 2224.0)	(30.0, 2788.0)	(31.0, 3462.0)	(32.0, 4532.0)	(33.0, 6159.0)	(34.0, 8798.0)	(35.0, 14199.0)	(36.0, 29493.0)	(37.0, 55727.0)
sample5432_S75_L001_R1_001	(18.0, 5.0)	(19.0, 7.0)	(20.0, 10.0)	(21.0, 10.0)	(22.0, 12.0)	(23.0, 9.0)	(24.0, 5.0)	(25.0, 7.0)	(26.0, 9.0)	(27.0, 6.0)	(28.0, 6.0)	(29.0, 7.0)	(30.0, 15.0)	(31.0, 23.0)	(32.0, 27.0)	(33.0, 32.0)	(34.0, 28.0)	(35.0, 56.0)	(36.0, 76.0)	(37.0, 165.0)																
sample5432_S75_L001_R2_001	(13.0, 3.0)	(14.0, 6.0)	(15.0, 40.0)	(16.0, 44.0)	(17.0, 37.0)	(18.0, 19.0)	(19.0, 21.0)	(20.0, 10.0)	(21.0, 9.0)	(22.0, 9.0)	(23.0, 9.0)	(24.0, 7.0)	(25.0, 8.0)	(26.0, 7.0)	(27.0, 4.0)	(28.0, 11.0)	(29.0, 9.0)	(30.0, 14.0)	(31.0, 18.0)	(32.0, 22.0)	(33.0, 17.0)	(34.0, 26.0)	(35.0, 34.0)	(36.0, 57.0)	(37.0, 74.0)											
sample5926_S101_L001_R1_001	(2.0, 49.0)	(3.0, 0.0)	(4.0, 0.0)	(5.0, 0.0)	(6.0, 0.0)	(7.0, 0.0)	(8.0, 0.0)	(9.0, 0.0)	(10.0, 0.0)	(11.0, 0.0)	(12.0, 0.0)	(13.0, 0.0)	(14.0, 0.0)	(15.0, 2.0)	(16.0, 7.0)	(17.0, 13.0)	(18.0, 24.0)	(19.0, 45.0)	(20.0, 55.0)	(21.0, 69.0)	(22.0, 132.0)	(23.0, 212.0)	(24.0, 306.0)	(25.0, 369.0)	(26.0, 476.0)	(27.0, 653.0)	(28.0, 981.0)	(29.0, 1293.0)	(30.0, 1858.0)	(31.0, 2437.0)	(32.0, 3328.0)	(33.0, 4275.0)	(34.0, 5465.0)	(35.0, 7956.0)	(36.0, 14761.0)	(37.0, 78557.0)
sample5926_S101_L001_R2_001	(2.0, 44.0)	(3.0, 0.0)	(4.0, 0.0)	(5.0, 2.0)	(6.0, 3.0)	(7.0, 4.0)	(8.0, 12.0)	(9.0, 10.0)	(10.0, 17.0)	(11.0, 14.0)	(12.0, 17.0)	(13.0, 49.0)	(14.0, 171.0)	(15.0, 272.0)	(16.0, 609.0)	(17.0, 903.0)	(18.0, 900.0)	(19.0, 874.0)	(20.0, 956.0)	(21.0, 927.0)	(22.0, 956.0)	(23.0, 1160.0)	(24.0, 1314.0)	(25.0, 1473.0)	(26.0, 1784.0)	(27.0, 2167.0)	(28.0, 2690.0)	(29.0, 3264.0)	(30.0, 3923.0)	(31.0, 5018.0)	(32.0, 6779.0)	(33.0, 9069.0)	(34.0, 13266.0)	(35.0, 22007.0)	(36.0, 32610.0)	(37.0, 10059.0)
sample5927_S102_L001_R1_001	(2.0, 96.0)	(3.0, 0.0)	(4.0, 0.0)	(5.0, 0.0)	(6.0, 0.0)	(7.0, 0.0)	(8.0, 0.0)	(9.0, 0.0)	(10.0, 0.0)	(11.0, 0.0)	(12.0, 0.0)	(13.0, 0.0)	(14.0, 0.0)	(15.0, 2.0)	(16.0, 6.0)	(17.0, 12.0)	(18.0, 23.0)	(19.0, 35.0)	(20.0, 44.0)	(21.0, 74.0)	(22.0, 104.0)	(23.0, 183.0)	(24.0, 235.0)	(25.0, 310.0)	(26.0, 434.0)	(27.0, 579.0)	(28.0, 800.0)	(29.0, 1079.0)	(30.0, 1594.0)	(31.0, 2092.0)	(32.0, 2890.0)	(33.0, 3731.0)	(34.0, 4801.0)	(35.0, 6866.0)	(36.0, 12829.0)	(37.0, 67209.0)
sample5927_S102_L001_R2_001	(2.0, 91.0)	(3.0, 0.0)	(4.0, 0.0)	(5.0, 4.0)	(6.0, 4.0)	(7.0, 1.0)	(8.0, 8.0)	(9.0, 6.0)	(10.0, 11.0)	(11.0, 11.0)	(12.0, 23.0)	(13.0, 86.0)	(14.0, 165.0)	(15.0, 253.0)	(16.0, 463.0)	(17.0, 720.0)	(18.0, 704.0)	(19.0, 723.0)	(20.0, 728.0)	(21.0, 819.0)	(22.0, 858.0)	(23.0, 1004.0)	(24.0, 1101.0)	(25.0, 1315.0)	(26.0, 1531.0)	(27.0, 1737.0)	(28.0, 2143.0)	(29.0, 2762.0)	(30.0, 3453.0)	(31.0, 4305.0)	(32.0, 5708.0)	(33.0, 7819.0)	(34.0, 11698.0)	(35.0, 18897.0)	(36.0, 28434.0)	(37.0, 8443.0)
sample5928_S103_L001_R1_001	(2.0, 160.0)	(3.0, 0.0)	(4.0, 0.0)	(5.0, 0.0)	(6.0, 0.0)	(7.0, 0.0)	(8.0, 0.0)	(9.0, 0.0)	(10.0, 0.0)	(11.0, 0.0)	(12.0, 0.0)	(13.0, 1.0)	(14.0, 0.0)	(15.0, 5.0)	(16.0, 5.0)	(17.0, 18.0)	(18.0, 20.0)	(19.0, 34.0)	(20.0, 39.0)	(21.0, 73.0)	(22.0, 115.0)	(23.0, 198.0)	(24.0, 273.0)	(25.0, 326.0)	(26.0, 481.0)	(27.0, 582.0)	(28.0, 770.0)	(29.0, 1184.0)	(30.0, 1636.0)	(31.0, 2270.0)	(32.0, 2960.0)	(33.0, 3690.0)	(34.0, 4794.0)	(35.0, 7172.0)	(36.0, 13305.0)	(37.0, 71246.0)
sample5928_S103_L001_R2_001	(2.0, 154.0)	(3.0, 0.0)	(4.0, 2.0)	(5.0, 1.0)	(6.0, 6.0)	(7.0, 6.0)	(8.0, 11.0)	(9.0, 5.0)	(10.0, 12.0)	(11.0, 11.0)	(12.0, 18.0)	(13.0, 95.0)	(14.0, 174.0)	(15.0, 263.0)	(16.0, 494.0)	(17.0, 685.0)	(18.0, 720.0)	(19.0, 765.0)	(20.0, 718.0)	(21.0, 772.0)	(22.0, 815.0)	(23.0, 1012.0)	(24.0, 1025.0)	(25.0, 1195.0)	(26.0, 1445.0)	(27.0, 1768.0)	(28.0, 2160.0)	(29.0, 2595.0)	(30.0, 3335.0)	(31.0, 4241.0)	(32.0, 5674.0)	(33.0, 8049.0)	(34.0, 11782.0)	(35.0, 19384.0)	(36.0, 31087.0)	(37.0, 10878.0)
sample5929_S104_L001_R1_001	(2.0, 3297.0)	(3.0, 0.0)	(4.0, 0.0)	(5.0, 0.0)	(6.0, 0.0)	(7.0, 0.0)	(8.0, 0.0)	(9.0, 0.0)	(10.0, 0.0)	(11.0, 0.0)	(12.0, 0.0)	(13.0, 0.0)	(14.0, 0.0)	(15.0, 3.0)	(16.0, 5.0)	(17.0, 17.0)	(18.0, 19.0)	(19.0, 30.0)	(20.0, 46.0)	(21.0, 84.0)	(22.0, 124.0)	(23.0, 252.0)	(24.0, 314.0)	(25.0, 361.0)	(26.0, 495.0)	(27.0, 612.0)	(28.0, 814.0)	(29.0, 1149.0)	(30.0, 1737.0)	(31.0, 2357.0)	(32.0, 3054.0)	(33.0, 3954.0)	(34.0, 5233.0)	(35.0, 7450.0)	(36.0, 13790.0)	(37.0, 74072.0)
sample5929_S104_L001_R2_001	(2.0, 3173.0)	(3.0, 0.0)	(4.0, 1.0)	(5.0, 0.0)	(6.0, 5.0)	(7.0, 8.0)	(8.0, 9.0)	(9.0, 8.0)	(10.0, 10.0)	(11.0, 17.0)	(12.0, 29.0)	(13.0, 78.0)	(14.0, 200.0)	(15.0, 313.0)	(16.0, 554.0)	(17.0, 778.0)	(18.0, 818.0)	(19.0, 808.0)	(20.0, 823.0)	(21.0, 883.0)	(22.0, 1063.0)	(23.0, 1086.0)	(24.0, 1201.0)	(25.0, 1401.0)	(26.0, 1686.0)	(27.0, 1890.0)	(28.0, 2432.0)	(29.0, 2995.0)	(30.0, 3717.0)	(31.0, 4628.0)	(32.0, 6103.0)	(33.0, 8374.0)	(34.0, 12390.0)	(35.0, 19710.0)	(36.0, 30648.0)	(37.0, 11430.0)
sample5930_S105_L001_R1_001	(2.0, 69.0)	(3.0, 0.0)	(4.0, 0.0)	(5.0, 0.0)	(6.0, 0.0)	(7.0, 0.0)	(8.0, 0.0)	(9.0, 0.0)	(10.0, 0.0)	(11.0, 0.0)	(12.0, 0.0)	(13.0, 0.0)	(14.0, 0.0)	(15.0, 4.0)	(16.0, 5.0)	(17.0, 11.0)	(18.0, 35.0)	(19.0, 47.0)	(20.0, 41.0)	(21.0, 81.0)	(22.0, 126.0)	(23.0, 180.0)	(24.0, 298.0)	(25.0, 376.0)	(26.0, 499.0)	(27.0, 623.0)	(28.0, 932.0)	(29.0, 1230.0)	(30.0, 1809.0)	(31.0, 2569.0)	(32.0, 3347.0)	(33.0, 4146.0)	(34.0, 5458.0)	(35.0, 7915.0)	(36.0, 14760.0)	(37.0, 79432.0)
sample5930_S105_L001_R2_001	(2.0, 59.0)	(3.0, 0.0)	(4.0, 0.0)	(5.0, 1.0)	(6.0, 4.0)	(7.0, 7.0)	(8.0, 17.0)	(9.0, 16.0)	(10.0, 13.0)	(11.0, 14.0)	(12.0, 28.0)	(13.0, 93.0)	(14.0, 192.0)	(15.0, 335.0)	(16.0, 709.0)	(17.0, 984.0)	(18.0, 927.0)	(19.0, 849.0)	(20.0, 903.0)	(21.0, 992.0)	(22.0, 973.0)	(23.0, 1140.0)	(24.0, 1352.0)	(25.0, 1538.0)	(26.0, 1835.0)	(27.0, 2162.0)	(28.0, 2627.0)	(29.0, 3323.0)	(30.0, 4103.0)	(31.0, 5161.0)	(32.0, 6780.0)	(33.0, 9281.0)	(34.0, 13676.0)	(35.0, 21790.0)	(36.0, 31970.0)	(37.0, 10139.0)
sample6076_S81_L001_R1_001	(12.0, 1.0)	(13.0, 1.0)	(14.0, 1.0)	(15.0, 0.0)	(16.0, 1.0)	(17.0, 8.0)	(18.0, 8.0)	(19.0, 32.0)	(20.0, 69.0)	(21.0, 233.0)	(22.0, 541.0)	(23.0, 868.0)	(24.0, 1068.0)	(25.0, 1076.0)	(26.0, 1144.0)	(27.0, 1298.0)	(28.0, 1413.0)	(29.0, 1679.0)	(30.0, 2141.0)	(31.0, 2612.0)	(32.0, 3638.0)	(33.0, 5026.0)	(34.0, 6428.0)	(35.0, 9392.0)	(36.0, 19912.0)	(37.0, 63314.0)										
sample6076_S81_L001_R2_001	(12.0, 1.0)	(13.0, 26.0)	(14.0, 88.0)	(15.0, 205.0)	(16.0, 421.0)	(17.0, 761.0)	(18.0, 839.0)	(19.0, 750.0)	(20.0, 835.0)	(21.0, 832.0)	(22.0, 874.0)	(23.0, 978.0)	(24.0, 1056.0)	(25.0, 1166.0)	(26.0, 1346.0)	(27.0, 1550.0)	(28.0, 1966.0)	(29.0, 2220.0)	(30.0, 2859.0)	(31.0, 3784.0)	(32.0, 4843.0)	(33.0, 6874.0)	(34.0, 9924.0)	(35.0, 16629.0)	(36.0, 32731.0)	(37.0, 28346.0)										
sample6077_S82_L001_R1_001	(15.0, 1.0)	(16.0, 1.0)	(17.0, 3.0)	(18.0, 13.0)	(19.0, 27.0)	(20.0, 96.0)	(21.0, 200.0)	(22.0, 486.0)	(23.0, 815.0)	(24.0, 930.0)	(25.0, 930.0)	(26.0, 1102.0)	(27.0, 1245.0)	(28.0, 1302.0)	(29.0, 1637.0)	(30.0, 2045.0)	(31.0, 2546.0)	(32.0, 3260.0)	(33.0, 4297.0)	(34.0, 5901.0)	(35.0, 8744.0)	(36.0, 18731.0)	(37.0, 59113.0)													
sample6077_S82_L001_R2_001	(10.0, 1.0)	(11.0, 1.0)	(12.0, 0.0)	(13.0, 23.0)	(14.0, 118.0)	(15.0, 224.0)	(16.0, 343.0)	(17.0, 582.0)	(18.0, 655.0)	(19.0, 677.0)	(20.0, 676.0)	(21.0, 769.0)	(22.0, 837.0)	(23.0, 845.0)	(24.0, 904.0)	(25.0, 1044.0)	(26.0, 1188.0)	(27.0, 1381.0)	(28.0, 1724.0)	(29.0, 2173.0)	(30.0, 2766.0)	(31.0, 3580.0)	(32.0, 4721.0)	(33.0, 6648.0)	(34.0, 9687.0)	(35.0, 15976.0)	(36.0, 29885.0)	(37.0, 25997.0)								
sample6078_S83_L001_R1_001	(14.0, 1.0)	(15.0, 0.0)	(16.0, 0.0)	(17.0, 8.0)	(18.0, 20.0)	(19.0, 35.0)	(20.0, 58.0)	(21.0, 187.0)	(22.0, 489.0)	(23.0, 822.0)	(24.0, 971.0)	(25.0, 933.0)	(26.0, 1007.0)	(27.0, 1074.0)	(28.0, 1231.0)	(29.0, 1419.0)	(30.0, 1763.0)	(31.0, 2226.0)	(32.0, 2877.0)	(33.0, 3815.0)	(34.0, 5370.0)	(35.0, 8271.0)	(36.0, 18065.0)	(37.0, 58588.0)												
sample6078_S83_L001_R2_001	(12.0, 2.0)	(13.0, 26.0)	(14.0, 129.0)	(15.0, 225.0)	(16.0, 396.0)	(17.0, 605.0)	(18.0, 687.0)	(19.0, 651.0)	(20.0, 635.0)	(21.0, 685.0)	(22.0, 762.0)	(23.0, 770.0)	(24.0, 811.0)	(25.0, 942.0)	(26.0, 1070.0)	(27.0, 1276.0)	(28.0, 1513.0)	(29.0, 2014.0)	(30.0, 2387.0)	(31.0, 3174.0)	(32.0, 4163.0)	(33.0, 5705.0)	(34.0, 8852.0)	(35.0, 14842.0)	(36.0, 28802.0)	(37.0, 28106.0)										
sample6079_S84_L001_R1_001	(2.0, 1.0)	(3.0, 0.0)	(4.0, 0.0)	(5.0, 0.0)	(6.0, 0.0)	(7.0, 0.0)	(8.0, 0.0)	(9.0, 0.0)	(10.0, 0.0)	(11.0, 1.0)	(12.0, 0.0)	(13.0, 1.0)	(14.0, 1.0)	(15.0, 0.0)	(16.0, 0.0)	(17.0, 1.0)	(18.0, 11.0)	(19.0, 26.0)	(20.0, 68.0)	(21.0, 184.0)	(22.0, 488.0)	(23.0, 827.0)	(24.0, 991.0)	(25.0, 1022.0)	(26.0, 1108.0)	(27.0, 1178.0)	(28.0, 1452.0)	(29.0, 1758.0)	(30.0, 2075.0)	(31.0, 2651.0)	(32.0, 3471.0)	(33.0, 4862.0)	(34.0, 6287.0)	(35.0, 9414.0)	(36.0, 19948.0)	(37.0, 59514.0)
sample6079_S84_L001_R2_001	(2.0, 1.0)	(3.0, 0.0)	(4.0, 0.0)	(5.0, 0.0)	(6.0, 0.0)	(7.0, 0.0)	(8.0, 0.0)	(9.0, 0.0)	(10.0, 0.0)	(11.0, 0.0)	(12.0, 5.0)	(13.0, 35.0)	(14.0, 136.0)	(15.0, 247.0)	(16.0, 422.0)	(17.0, 642.0)	(18.0, 734.0)	(19.0, 793.0)	(20.0, 739.0)	(21.0, 824.0)	(22.0, 903.0)	(23.0, 902.0)	(24.0, 1025.0)	(25.0, 1157.0)	(26.0, 1285.0)	(27.0, 1543.0)	(28.0, 1885.0)	(29.0, 2291.0)	(30.0, 2852.0)	(31.0, 3656.0)	(32.0, 4929.0)	(33.0, 6784.0)	(34.0, 10127.0)	(35.0, 16654.0)	(36.0, 30483.0)	(37.0, 26286.0)
sample6080_S85_L001_R1_001	(12.0, 1.0)	(13.0, 1.0)	(14.0, 0.0)	(15.0, 0.0)	(16.0, 1.0)	(17.0, 2.0)	(18.0, 15.0)	(19.0, 37.0)	(20.0, 77.0)	(21.0, 203.0)	(22.0, 541.0)	(23.0, 900.0)	(24.0, 955.0)	(25.0, 1014.0)	(26.0, 1060.0)	(27.0, 1199.0)	(28.0, 1308.0)	(29.0, 1563.0)	(30.0, 1882.0)	(31.0, 2476.0)	(32.0, 3179.0)	(33.0, 4410.0)	(34.0, 6050.0)	(35.0, 9130.0)	(36.0, 19273.0)	(37.0, 56308.0)										
sample6080_S85_L001_R2_001	(12.0, 4.0)	(13.0, 43.0)	(14.0, 165.0)	(15.0, 295.0)	(16.0, 471.0)	(17.0, 805.0)	(18.0, 889.0)	(19.0, 808.0)	(20.0, 779.0)	(21.0, 811.0)	(22.0, 971.0)	(23.0, 1011.0)	(24.0, 1108.0)	(25.0, 1234.0)	(26.0, 1413.0)	(27.0, 1697.0)	(28.0, 2042.0)	(29.0, 2433.0)	(30.0, 3245.0)	(31.0, 4027.0)	(32.0, 5284.0)	(33.0, 7224.0)	(34.0, 10630.0)	(35.0, 16952.0)	(36.0, 29588.0)	(37.0, 17656.0)										
sample6285_S140_L001_R1_001	(2.0, 210.0)	(3.0, 0.0)	(4.0, 0.0)	(5.0, 0.0)	(6.0, 0.0)	(7.0, 0.0)	(8.0, 0.0)	(9.0, 0.0)	(10.0, 0.0)	(11.0, 0.0)	(12.0, 0.0)	(13.0, 0.0)	(14.0, 0.0)	(15.0, 2.0)	(16.0, 10.0)	(17.0, 15.0)	(18.0, 21.0)	(19.0, 26.0)	(20.0, 10.0)	(21.0, 22.0)	(22.0, 27.0)	(23.0, 46.0)	(24.0, 65.0)	(25.0, 82.0)	(26.0, 110.0)	(27.0, 176.0)	(28.0, 219.0)	(29.0, 295.0)	(30.0, 431.0)	(31.0, 645.0)	(32.0, 814.0)	(33.0, 1210.0)	(34.0, 1755.0)	(35.0, 2631.0)	(36.0, 4751.0)	(37.0, 25391.0)
sample6285_S140_L001_R2_001	(2.0, 200.0)	(3.0, 0.0)	(4.0, 0.0)	(5.0, 0.0)	(6.0, 0.0)	(7.0, 0.0)	(8.0, 0.0)	(9.0, 0.0)	(10.0, 0.0)	(11.0, 0.0)	(12.0, 0.0)	(13.0, 2.0)	(14.0, 23.0)	(15.0, 59.0)	(16.0, 137.0)	(17.0, 251.0)	(18.0, 294.0)	(19.0, 257.0)	(20.0, 235.0)	(21.0, 240.0)	(22.0, 295.0)	(23.0, 299.0)	(24.0, 310.0)	(25.0, 393.0)	(26.0, 459.0)	(27.0, 556.0)	(28.0, 714.0)	(29.0, 780.0)	(30.0, 974.0)	(31.0, 1288.0)	(32.0, 1656.0)	(33.0, 2311.0)	(34.0, 3164.0)	(35.0, 5145.0)	(36.0, 10232.0)	(37.0, 8690.0)
sample6286_S141_L001_R1_001	(2.0, 751.0)	(3.0, 0.0)	(4.0, 0.0)	(5.0, 0.0)	(6.0, 0.0)	(7.0, 0.0)	(8.0, 0.0)	(9.0, 0.0)	(10.0, 0.0)	(11.0, 0.0)	(12.0, 0.0)	(13.0, 0.0)	(14.0, 0.0)	(15.0, 3.0)	(16.0, 1.0)	(17.0, 4.0)	(18.0, 5.0)	(19.0, 6.0)	(20.0, 7.0)	(21.0, 12.0)	(22.0, 22.0)	(23.0, 28.0)	(24.0, 31.0)	(25.0, 32.0)	(26.0, 50.0)	(27.0, 58.0)	(28.0, 83.0)	(29.0, 92.0)	(30.0, 128.0)	(31.0, 167.0)	(32.0, 261.0)	(33.0, 335.0)	(34.0, 472.0)	(35.0, 672.0)	(36.0, 1234.0)	(37.0, 6183.0)
sample6286_S141_L001_R2_001	(2.0, 725.0)	(3.0, 0.0)	(4.0, 0.0)	(5.0, 0.0)	(6.0, 0.0)	(7.0, 0.0)	(8.0, 0.0)	(9.0, 0.0)	(10.0, 0.0)	(11.0, 1.0)	(12.0, 1.0)	(13.0, 2.0)	(14.0, 6.0)	(15.0, 19.0)	(16.0, 51.0)	(17.0, 57.0)	(18.0, 61.0)	(19.0, 59.0)	(20.0, 72.0)	(21.0, 62.0)	(22.0, 76.0)	(23.0, 86.0)	(24.0, 76.0)	(25.0, 112.0)	(26.0, 99.0)	(27.0, 132.0)	(28.0, 176.0)	(29.0, 205.0)	(30.0, 254.0)	(31.0, 305.0)	(32.0, 397.0)	(33.0, 543.0)	(34.0, 776.0)	(35.0, 1268.0)	(36.0, 2461.0)	(37.0, 2555.0)
sample6287_S142_L001_R1_001	(2.0, 3518.0)	(3.0, 0.0)	(4.0, 0.0)	(5.0, 0.0)	(6.0, 0.0)	(7.0, 0.0)	(8.0, 0.0)	(9.0, 0.0)	(10.0, 0.0)	(11.0, 0.0)	(12.0, 0.0)	(13.0, 1.0)	(14.0, 0.0)	(15.0, 0.0)	(16.0, 2.0)	(17.0, 1.0)	(18.0, 7.0)	(19.0, 9.0)	(20.0, 9.0)	(21.0, 6.0)	(22.0, 18.0)	(23.0, 54.0)	(24.0, 71.0)	(25.0, 49.0)	(26.0, 30.0)	(27.0, 46.0)	(28.0, 62.0)	(29.0, 93.0)	(30.0, 125.0)	(31.0, 168.0)	(32.0, 233.0)	(33.0, 308.0)	(34.0, 427.0)	(35.0, 656.0)	(36.0, 1201.0)	(37.0, 5901.0)
sample6287_S142_L001_R2_001	(2.0, 3447.0)	(3.0, 0.0)	(4.0, 0.0)	(5.0, 0.0)	(6.0, 0.0)	(7.0, 0.0)	(8.0, 0.0)	(9.0, 0.0)	(10.0, 0.0)	(11.0, 1.0)	(12.0, 6.0)	(13.0, 4.0)	(14.0, 15.0)	(15.0, 32.0)	(16.0, 48.0)	(17.0, 66.0)	(18.0, 58.0)	(19.0, 55.0)	(20.0, 64.0)	(21.0, 82.0)	(22.0, 132.0)	(23.0, 125.0)	(24.0, 96.0)	(25.0, 91.0)	(26.0, 127.0)	(27.0, 122.0)	(28.0, 151.0)	(29.0, 181.0)	(30.0, 242.0)	(31.0, 290.0)	(32.0, 374.0)	(33.0, 523.0)	(34.0, 711.0)	(35.0, 1175.0)	(36.0, 2191.0)	(37.0, 2586.0)
sample6288_S143_L001_R1_001	(2.0, 1145.0)	(3.0, 0.0)	(4.0, 0.0)	(5.0, 0.0)	(6.0, 0.0)	(7.0, 0.0)	(8.0, 0.0)	(9.0, 0.0)	(10.0, 0.0)	(11.0, 0.0)	(12.0, 0.0)	(13.0, 0.0)	(14.0, 0.0)	(15.0, 3.0)	(16.0, 3.0)	(17.0, 9.0)	(18.0, 22.0)	(19.0, 20.0)	(20.0, 19.0)	(21.0, 27.0)	(22.0, 30.0)	(23.0, 48.0)	(24.0, 65.0)	(25.0, 64.0)	(26.0, 82.0)	(27.0, 111.0)	(28.0, 147.0)	(29.0, 189.0)	(30.0, 287.0)	(31.0, 310.0)	(32.0, 501.0)	(33.0, 717.0)	(34.0, 1005.0)	(35.0, 1444.0)	(36.0, 2830.0)	(37.0, 14848.0)
sample6288_S143_L001_R2_001	(2.0, 1116.0)	(3.0, 0.0)	(4.0, 0.0)	(5.0, 0.0)	(6.0, 0.0)	(7.0, 0.0)	(8.0, 0.0)	(9.0, 0.0)	(10.0, 0.0)	(11.0, 0.0)	(12.0, 2.0)	(13.0, 8.0)	(14.0, 17.0)	(15.0, 63.0)	(16.0, 67.0)	(17.0, 115.0)	(18.0, 129.0)	(19.0, 146.0)	(20.0, 141.0)	(21.0, 159.0)	(22.0, 162.0)	(23.0, 173.0)	(24.0, 196.0)	(25.0, 213.0)	(26.0, 281.0)	(27.0, 299.0)	(28.0, 395.0)	(29.0, 409.0)	(30.0, 543.0)	(31.0, 710.0)	(32.0, 905.0)	(33.0, 1202.0)	(34.0, 1802.0)	(35.0, 2818.0)	(36.0, 5532.0)	(37.0, 6323.0)
sample6289_S144_L001_R1_001	(2.0, 14888.0)	(3.0, 0.0)	(4.0, 0.0)	(5.0, 0.0)	(6.0, 0.0)	(7.0, 0.0)	(8.0, 0.0)	(9.0, 0.0)	(10.0, 0.0)	(11.0, 0.0)	(12.0, 0.0)	(13.0, 0.0)	(14.0, 3.0)	(15.0, 7.0)	(16.0, 6.0)	(17.0, 5.0)	(18.0, 14.0)	(19.0, 29.0)	(20.0, 20.0)	(21.0, 16.0)	(22.0, 30.0)	(23.0, 132.0)	(24.0, 240.0)	(25.0, 143.0)	(26.0, 97.0)	(27.0, 67.0)	(28.0, 69.0)	(29.0, 82.0)	(30.0, 106.0)	(31.0, 153.0)	(32.0, 229.0)	(33.0, 290.0)	(34.0, 375.0)	(35.0, 617.0)	(36.0, 1153.0)	(37.0, 5816.0)
sample6289_S144_L001_R2_001	(2.0, 14559.0)	(3.0, 0.0)	(4.0, 0.0)	(5.0, 0.0)	(6.0, 0.0)	(7.0, 0.0)	(8.0, 0.0)	(9.0, 0.0)	(10.0, 0.0)	(11.0, 6.0)	(12.0, 12.0)	(13.0, 27.0)	(14.0, 51.0)	(15.0, 72.0)	(16.0, 105.0)	(17.0, 124.0)	(18.0, 126.0)	(19.0, 117.0)	(20.0, 151.0)	(21.0, 170.0)	(22.0, 256.0)	(23.0, 334.0)	(24.0, 150.0)	(25.0, 118.0)	(26.0, 119.0)	(27.0, 157.0)	(28.0, 185.0)	(29.0, 234.0)	(30.0, 259.0)	(31.0, 329.0)	(32.0, 423.0)	(33.0, 567.0)	(34.0, 829.0)	(35.0, 1314.0)	(36.0, 2249.0)	(37.0, 1544.0)
sample6290_S145_L001_R1_001	(2.0, 9996.0)	(3.0, 0.0)	(4.0, 0.0)	(5.0, 0.0)	(6.0, 0.0)	(7.0, 0.0)	(8.0, 0.0)	(9.0, 0.0)	(10.0, 0.0)	(11.0, 0.0)	(12.0, 0.0)	(13.0, 2.0)	(14.0, 1.0)	(15.0, 1.0)	(16.0, 10.0)	(17.0, 25.0)	(18.0, 33.0)	(19.0, 49.0)	(20.0, 44.0)	(21.0, 72.0)	(22.0, 128.0)	(23.0, 254.0)	(24.0, 281.0)	(25.0, 360.0)	(26.0, 360.0)	(27.0, 440.0)	(28.0, 547.0)	(29.0, 754.0)	(30.0, 982.0)	(31.0, 1272.0)	(32.0, 1779.0)	(33.0, 2525.0)	(34.0, 3568.0)	(35.0, 5280.0)	(36.0, 9764.0)	(37.0, 51596.0)
sample6290_S145_L001_R2_001	(2.0, 9930.0)	(3.0, 0.0)	(4.0, 0.0)	(5.0, 0.0)	(6.0, 0.0)	(7.0, 0.0)	(8.0, 0.0)	(9.0, 0.0)	(10.0, 0.0)	(11.0, 3.0)	(12.0, 9.0)	(13.0, 16.0)	(14.0, 74.0)	(15.0, 142.0)	(16.0, 256.0)	(17.0, 461.0)	(18.0, 432.0)	(19.0, 486.0)	(20.0, 506.0)	(21.0, 514.0)	(22.0, 628.0)	(23.0, 700.0)	(24.0, 683.0)	(25.0, 810.0)	(26.0, 862.0)	(27.0, 1044.0)	(28.0, 1279.0)	(29.0, 1629.0)	(30.0, 1921.0)	(31.0, 2426.0)	(32.0, 3178.0)	(33.0, 4297.0)	(34.0, 6429.0)	(35.0, 10473.0)	(36.0, 21080.0)	(37.0, 19855.0)
sample6291_S146_L001_R1_001	(2.0, 7647.0)	(3.0, 0.0)	(4.0, 0.0)	(5.0, 0.0)	(6.0, 0.0)	(7.0, 0.0)	(8.0, 0.0)	(9.0, 0.0)	(10.0, 0.0)	(11.0, 0.0)	(12.0, 0.0)	(13.0, 0.0)	(14.0, 2.0)	(15.0, 2.0)	(16.0, 8.0)	(17.0, 11.0)	(18.0, 22.0)	(19.0, 23.0)	(20.0, 29.0)	(21.0, 44.0)	(22.0, 70.0)	(23.0, 155.0)	(24.0, 198.0)	(25.0, 162.0)	(26.0, 168.0)	(27.0, 212.0)	(28.0, 289.0)	(29.0, 365.0)	(30.0, 429.0)	(31.0, 644.0)	(32.0, 817.0)	(33.0, 1121.0)	(34.0, 1574.0)	(35.0, 2321.0)	(36.0, 4375.0)	(37.0, 20714.0)
sample6291_S146_L001_R2_001	(2.0, 7569.0)	(3.0, 0.0)	(4.0, 0.0)	(5.0, 0.0)	(6.0, 0.0)	(7.0, 0.0)	(8.0, 0.0)	(9.0, 0.0)	(10.0, 0.0)	(11.0, 1.0)	(12.0, 11.0)	(13.0, 13.0)	(14.0, 22.0)	(15.0, 62.0)	(16.0, 113.0)	(17.0, 190.0)	(18.0, 238.0)	(19.0, 225.0)	(20.0, 230.0)	(21.0, 251.0)	(22.0, 307.0)	(23.0, 369.0)	(24.0, 344.0)	(25.0, 358.0)	(26.0, 392.0)	(27.0, 464.0)	(28.0, 559.0)	(29.0, 718.0)	(30.0, 756.0)	(31.0, 1111.0)	(32.0, 1385.0)	(33.0, 1958.0)	(34.0, 2862.0)	(35.0, 4433.0)	(36.0, 8324.0)	(37.0, 8137.0)
sample6292_S147_L001_R1_001	(2.0, 143.0)	(3.0, 0.0)	(4.0, 0.0)	(5.0, 0.0)	(6.0, 0.0)	(7.0, 0.0)	(8.0, 0.0)	(9.0, 0.0)	(10.0, 0.0)	(11.0, 0.0)	(12.0, 0.0)	(13.0, 0.0)	(14.0, 0.0)	(15.0, 2.0)	(16.0, 2.0)	(17.0, 7.0)	(18.0, 23.0)	(19.0, 17.0)	(20.0, 21.0)	(21.0, 31.0)	(22.0, 47.0)	(23.0, 104.0)	(24.0, 136.0)	(25.0, 184.0)	(26.0, 198.0)	(27.0, 293.0)	(28.0, 345.0)	(29.0, 451.0)	(30.0, 657.0)	(31.0, 863.0)	(32.0, 1137.0)	(33.0, 1559.0)	(34.0, 2071.0)	(35.0, 3351.0)	(36.0, 6183.0)	(37.0, 30074.0)
sample6292_S147_L001_R2_001	(2.0, 123.0)	(3.0, 0.0)	(4.0, 0.0)	(5.0, 0.0)	(6.0, 0.0)	(7.0, 0.0)	(8.0, 0.0)	(9.0, 0.0)	(10.0, 0.0)	(11.0, 0.0)	(12.0, 1.0)	(13.0, 1.0)	(14.0, 25.0)	(15.0, 82.0)	(16.0, 136.0)	(17.0, 213.0)	(18.0, 309.0)	(19.0, 293.0)	(20.0, 272.0)	(21.0, 319.0)	(22.0, 316.0)	(23.0, 370.0)	(24.0, 415.0)	(25.0, 494.0)	(26.0, 587.0)	(27.0, 692.0)	(28.0, 830.0)	(29.0, 1036.0)	(30.0, 1190.0)	(31.0, 1444.0)	(32.0, 2031.0)	(33.0, 2739.0)	(34.0, 3877.0)	(35.0, 6535.0)	(36.0, 12339.0)	(37.0, 11230.0)
sample6293_S148_L001_R1_001	(2.0, 295.0)	(3.0, 0.0)	(4.0, 0.0)	(5.0, 0.0)	(6.0, 0.0)	(7.0, 0.0)	(8.0, 0.0)	(9.0, 0.0)	(10.0, 0.0)	(11.0, 0.0)	(12.0, 0.0)	(13.0, 0.0)	(14.0, 0.0)	(15.0, 4.0)	(16.0, 10.0)	(17.0, 26.0)	(18.0, 41.0)	(19.0, 45.0)	(20.0, 44.0)	(21.0, 59.0)	(22.0, 117.0)	(23.0, 153.0)	(24.0, 230.0)	(25.0, 306.0)	(26.0, 379.0)	(27.0, 452.0)	(28.0, 659.0)	(29.0, 809.0)	(30.0, 1067.0)	(31.0, 1399.0)	(32.0, 1987.0)	(33.0, 2630.0)	(34.0, 3669.0)	(35.0, 5589.0)	(36.0, 10312.0)	(37.0, 50160.0)
sample6293_S148_L001_R2_001	(2.0, 283.0)	(3.0, 0.0)	(4.0, 0.0)	(5.0, 0.0)	(6.0, 0.0)	(7.0, 0.0)	(8.0, 0.0)	(9.0, 0.0)	(10.0, 0.0)	(11.0, 0.0)	(12.0, 1.0)	(13.0, 0.0)	(14.0, 28.0)	(15.0, 132.0)	(16.0, 215.0)	(17.0, 415.0)	(18.0, 503.0)	(19.0, 493.0)	(20.0, 501.0)	(21.0, 534.0)	(22.0, 569.0)	(23.0, 661.0)	(24.0, 783.0)	(25.0, 831.0)	(26.0, 1036.0)	(27.0, 1222.0)	(28.0, 1458.0)	(29.0, 1726.0)	(30.0, 2167.0)	(31.0, 2702.0)	(32.0, 3427.0)	(33.0, 4686.0)	(34.0, 6930.0)	(35.0, 11055.0)	(36.0, 21417.0)	(37.0, 16667.0)
sample6294_S149_L001_R1_001	(2.0, 238.0)	(3.0, 0.0)	(4.0, 0.0)	(5.0, 0.0)	(6.0, 0.0)	(7.0, 0.0)	(8.0, 0.0)	(9.0, 0.0)	(10.0, 0.0)	(11.0, 0.0)	(12.0, 0.0)	(13.0, 0.0)	(14.0, 0.0)	(15.0, 0.0)	(16.0, 8.0)	(17.0, 20.0)	(18.0, 28.0)	(19.0, 28.0)	(20.0, 34.0)	(21.0, 60.0)	(22.0, 86.0)	(23.0, 112.0)	(24.0, 195.0)	(25.0, 221.0)	(26.0, 286.0)	(27.0, 363.0)	(28.0, 445.0)	(29.0, 644.0)	(30.0, 906.0)	(31.0, 1076.0)	(32.0, 1474.0)	(33.0, 2038.0)	(34.0, 2931.0)	(35.0, 4414.0)	(36.0, 7920.0)	(37.0, 41131.0)
sample6294_S149_L001_R2_001	(2.0, 228.0)	(3.0, 0.0)	(4.0, 0.0)	(5.0, 0.0)	(6.0, 0.0)	(7.0, 0.0)	(8.0, 0.0)	(9.0, 0.0)	(10.0, 0.0)	(11.0, 0.0)	(12.0, 0.0)	(13.0, 8.0)	(14.0, 43.0)	(15.0, 117.0)	(16.0, 186.0)	(17.0, 308.0)	(18.0, 348.0)	(19.0, 378.0)	(20.0, 397.0)	(21.0, 413.0)	(22.0, 434.0)	(23.0, 460.0)	(24.0, 568.0)	(25.0, 604.0)	(26.0, 759.0)	(27.0, 949.0)	(28.0, 1076.0)	(29.0, 1258.0)	(30.0, 1606.0)	(31.0, 2051.0)	(32.0, 2705.0)	(33.0, 3623.0)	(34.0, 5299.0)	(35.0, 8348.0)	(36.0, 16239.0)	(37.0, 16253.0)
sample6615_S140_L001_R1_001	(17.0, 1.0)	(18.0, 5.0)	(19.0, 7.0)	(20.0, 3.0)	(21.0, 10.0)	(22.0, 11.0)	(23.0, 7.0)	(24.0, 19.0)	(25.0, 10.0)	(26.0, 12.0)	(27.0, 18.0)	(28.0, 11.0)	(29.0, 15.0)	(30.0, 24.0)	(31.0, 34.0)	(32.0, 46.0)	(33.0, 60.0)	(34.0, 88.0)	(35.0, 144.0)	(36.0, 288.0)	(37.0, 1020.0)															
sample6615_S140_L001_R2_001	(12.0, 1.0)	(13.0, 7.0)	(14.0, 13.0)	(15.0, 19.0)	(16.0, 32.0)	(17.0, 21.0)	(18.0, 21.0)	(19.0, 16.0)	(20.0, 14.0)	(21.0, 16.0)	(22.0, 10.0)	(23.0, 8.0)	(24.0, 25.0)	(25.0, 10.0)	(26.0, 13.0)	(27.0, 16.0)	(28.0, 15.0)	(29.0, 28.0)	(30.0, 28.0)	(31.0, 54.0)	(32.0, 73.0)	(33.0, 84.0)	(34.0, 122.0)	(35.0, 240.0)	(36.0, 431.0)	(37.0, 516.0)										
sample6616_S141_L001_R1_001	(2.0, 6.0)	(3.0, 0.0)	(4.0, 0.0)	(5.0, 0.0)	(6.0, 0.0)	(7.0, 0.0)	(8.0, 0.0)	(9.0, 0.0)	(10.0, 0.0)	(11.0, 0.0)	(12.0, 0.0)	(13.0, 0.0)	(14.0, 0.0)	(15.0, 0.0)	(16.0, 0.0)	(17.0, 5.0)	(18.0, 10.0)	(19.0, 9.0)	(20.0, 12.0)	(21.0, 16.0)	(22.0, 7.0)	(23.0, 18.0)	(24.0, 67.0)	(25.0, 73.0)	(26.0, 30.0)	(27.0, 21.0)	(28.0, 41.0)	(29.0, 60.0)	(30.0, 81.0)	(31.0, 120.0)	(32.0, 150.0)	(33.0, 214.0)	(34.0, 287.0)	(35.0, 390.0)	(36.0, 775.0)	(37.0, 3815.0)
sample6616_S141_L001_R2_001	(2.0, 6.0)	(3.0, 0.0)	(4.0, 0.0)	(5.0, 0.0)	(6.0, 0.0)	(7.0, 0.0)	(8.0, 0.0)	(9.0, 0.0)	(10.0, 0.0)	(11.0, 0.0)	(12.0, 2.0)	(13.0, 11.0)	(14.0, 24.0)	(15.0, 31.0)	(16.0, 42.0)	(17.0, 33.0)	(18.0, 21.0)	(19.0, 14.0)	(20.0, 7.0)	(21.0, 15.0)	(22.0, 19.0)	(23.0, 39.0)	(24.0, 66.0)	(25.0, 52.0)	(26.0, 20.0)	(27.0, 28.0)	(28.0, 34.0)	(29.0, 43.0)	(30.0, 50.0)	(31.0, 72.0)	(32.0, 95.0)	(33.0, 153.0)	(34.0, 217.0)	(35.0, 406.0)	(36.0, 869.0)	(37.0, 3838.0)
sample6617_S142_L001_R1_001	(17.0, 1.0)	(18.0, 1.0)	(19.0, 6.0)	(20.0, 8.0)	(21.0, 14.0)	(22.0, 2.0)	(23.0, 9.0)	(24.0, 18.0)	(25.0, 14.0)	(26.0, 16.0)	(27.0, 25.0)	(28.0, 26.0)	(29.0, 32.0)	(30.0, 32.0)	(31.0, 51.0)	(32.0, 73.0)	(33.0, 91.0)	(34.0, 152.0)	(35.0, 163.0)	(36.0, 428.0)	(37.0, 1466.0)															
sample6617_S142_L001_R2_001	(12.0, 1.0)	(13.0, 3.0)	(14.0, 15.0)	(15.0, 27.0)	(16.0, 22.0)	(17.0, 35.0)	(18.0, 22.0)	(19.0, 17.0)	(20.0, 14.0)	(21.0, 12.0)	(22.0, 23.0)	(23.0, 22.0)	(24.0, 20.0)	(25.0, 17.0)	(26.0, 25.0)	(27.0, 27.0)	(28.0, 47.0)	(29.0, 36.0)	(30.0, 62.0)	(31.0, 93.0)	(32.0, 117.0)	(33.0, 157.0)	(34.0, 238.0)	(35.0, 372.0)	(36.0, 706.0)	(37.0, 498.0)										
sample6618_S143_L001_R1_001	(17.0, 1.0)	(18.0, 7.0)	(19.0, 10.0)	(20.0, 11.0)	(21.0, 7.0)	(22.0, 11.0)	(23.0, 23.0)	(24.0, 20.0)	(25.0, 39.0)	(26.0, 22.0)	(27.0, 29.0)	(28.0, 36.0)	(29.0, 41.0)	(30.0, 60.0)	(31.0, 66.0)	(32.0, 104.0)	(33.0, 116.0)	(34.0, 195.0)	(35.0, 309.0)	(36.0, 605.0)	(37.0, 2205.0)															
sample6618_S143_L001_R2_001	(13.0, 8.0)	(14.0, 20.0)	(15.0, 22.0)	(16.0, 37.0)	(17.0, 29.0)	(18.0, 19.0)	(19.0, 14.0)	(20.0, 17.0)	(21.0, 16.0)	(22.0, 29.0)	(23.0, 31.0)	(24.0, 33.0)	(25.0, 37.0)	(26.0, 31.0)	(27.0, 40.0)	(28.0, 50.0)	(29.0, 60.0)	(30.0, 96.0)	(31.0, 101.0)	(32.0, 172.0)	(33.0, 198.0)	(34.0, 291.0)	(35.0, 453.0)	(36.0, 749.0)	(37.0, 1364.0)											
sample6619_S144_L001_R1_001	(2.0, 2.0)	(3.0, 0.0)	(4.0, 0.0)	(5.0, 0.0)	(6.0, 0.0)	(7.0, 0.0)	(8.0, 0.0)	(9.0, 0.0)	(10.0, 0.0)	(11.0, 0.0)	(12.0, 0.0)	(13.0, 0.0)	(14.0, 0.0)	(15.0, 0.0)	(16.0, 0.0)	(17.0, 0.0)	(18.0, 3.0)	(19.0, 1.0)	(20.0, 1.0)	(21.0, 6.0)	(22.0, 10.0)	(23.0, 6.0)	(24.0, 16.0)	(25.0, 13.0)	(26.0, 12.0)	(27.0, 15.0)	(28.0, 22.0)	(29.0, 27.0)	(30.0, 36.0)	(31.0, 37.0)	(32.0, 58.0)	(33.0, 85.0)	(34.0, 100.0)	(35.0, 166.0)	(36.0, 345.0)	(37.0, 1069.0)
sample6619_S144_L001_R2_001	(2.0, 2.0)	(3.0, 0.0)	(4.0, 0.0)	(5.0, 0.0)	(6.0, 0.0)	(7.0, 0.0)	(8.0, 0.0)	(9.0, 0.0)	(10.0, 0.0)	(11.0, 0.0)	(12.0, 0.0)	(13.0, 5.0)	(14.0, 9.0)	(15.0, 14.0)	(16.0, 14.0)	(17.0, 10.0)	(18.0, 11.0)	(19.0, 12.0)	(20.0, 12.0)	(21.0, 11.0)	(22.0, 11.0)	(23.0, 17.0)	(24.0, 22.0)	(25.0, 24.0)	(26.0, 24.0)	(27.0, 37.0)	(28.0, 39.0)	(29.0, 43.0)	(30.0, 47.0)	(31.0, 54.0)	(32.0, 82.0)	(33.0, 104.0)	(34.0, 145.0)	(35.0, 272.0)	(36.0, 462.0)	(37.0, 547.0)
sample6620_S145_L001_R1_001	(2.0, 2.0)	(3.0, 0.0)	(4.0, 0.0)	(5.0, 0.0)	(6.0, 0.0)	(7.0, 0.0)	(8.0, 0.0)	(9.0, 0.0)	(10.0, 0.0)	(11.0, 0.0)	(12.0, 0.0)	(13.0, 0.0)	(14.0, 0.0)	(15.0, 0.0)	(16.0, 0.0)	(17.0, 0.0)	(18.0, 6.0)	(19.0, 7.0)	(20.0, 33.0)	(21.0, 154.0)	(22.0, 309.0)	(23.0, 473.0)	(24.0, 647.0)	(25.0, 735.0)	(26.0, 734.0)	(27.0, 815.0)	(28.0, 957.0)	(29.0, 1135.0)	(30.0, 1435.0)	(31.0, 1741.0)	(32.0, 2377.0)	(33.0, 3038.0)	(34.0, 4410.0)	(35.0, 7209.0)	(36.0, 15805.0)	(37.0, 55699.0)
sample6620_S145_L001_R2_001	(2.0, 2.0)	(3.0, 0.0)	(4.0, 0.0)	(5.0, 0.0)	(6.0, 0.0)	(7.0, 0.0)	(8.0, 0.0)	(9.0, 0.0)	(10.0, 0.0)	(11.0, 0.0)	(12.0, 8.0)	(13.0, 41.0)	(14.0, 124.0)	(15.0, 193.0)	(16.0, 316.0)	(17.0, 536.0)	(18.0, 558.0)	(19.0, 461.0)	(20.0, 491.0)	(21.0, 546.0)	(22.0, 571.0)	(23.0, 662.0)	(24.0, 737.0)	(25.0, 854.0)	(26.0, 992.0)	(27.0, 1161.0)	(28.0, 1399.0)	(29.0, 1707.0)	(30.0, 2246.0)	(31.0, 2928.0)	(32.0, 3858.0)	(33.0, 5450.0)	(34.0, 8183.0)	(35.0, 14147.0)	(36.0, 27386.0)	(37.0, 22164.0)
sample6621_S146_L001_R1_001	(2.0, 3.0)	(3.0, 0.0)	(4.0, 0.0)	(5.0, 0.0)	(6.0, 0.0)	(7.0, 0.0)	(8.0, 0.0)	(9.0, 0.0)	(10.0, 0.0)	(11.0, 0.0)	(12.0, 0.0)	(13.0, 0.0)	(14.0, 0.0)	(15.0, 0.0)	(16.0, 0.0)	(17.0, 0.0)	(18.0, 3.0)	(19.0, 13.0)	(20.0, 50.0)	(21.0, 178.0)	(22.0, 353.0)	(23.0, 486.0)	(24.0, 539.0)	(25.0, 635.0)	(26.0, 744.0)	(27.0, 780.0)	(28.0, 901.0)	(29.0, 1126.0)	(30.0, 1379.0)	(31.0, 1762.0)	(32.0, 2244.0)	(33.0, 3029.0)	(34.0, 4285.0)	(35.0, 6823.0)	(36.0, 14839.0)	(37.0, 55169.0)
sample6621_S146_L001_R2_001	(2.0, 2.0)	(3.0, 0.0)	(4.0, 0.0)	(5.0, 0.0)	(6.0, 0.0)	(7.0, 0.0)	(8.0, 0.0)	(9.0, 0.0)	(10.0, 0.0)	(11.0, 0.0)	(12.0, 5.0)	(13.0, 26.0)	(14.0, 114.0)	(15.0, 212.0)	(16.0, 276.0)	(17.0, 491.0)	(18.0, 533.0)	(19.0, 502.0)	(20.0, 483.0)	(21.0, 523.0)	(22.0, 577.0)	(23.0, 652.0)	(24.0, 727.0)	(25.0, 788.0)	(26.0, 1025.0)	(27.0, 1109.0)	(28.0, 1365.0)	(29.0, 1702.0)	(30.0, 2076.0)	(31.0, 2644.0)	(32.0, 3591.0)	(33.0, 4865.0)	(34.0, 7337.0)	(35.0, 12648.0)	(36.0, 28212.0)	(37.0, 22856.0)
sample6622_S147_L001_R1_001	(18.0, 2.0)	(19.0, 2.0)	(20.0, 23.0)	(21.0, 51.0)	(22.0, 153.0)	(23.0, 226.0)	(24.0, 281.0)	(25.0, 322.0)	(26.0, 361.0)	(27.0, 383.0)	(28.0, 370.0)	(29.0, 525.0)	(30.0, 595.0)	(31.0, 744.0)	(32.0, 980.0)	(33.0, 1277.0)	(34.0, 1851.0)	(35.0, 2925.0)	(36.0, 6451.0)	(37.0, 23333.0)																
sample6622_S147_L001_R2_001	(8.0, 1.0)	(9.0, 0.0)	(10.0, 0.0)	(11.0, 0.0)	(12.0, 14.0)	(13.0, 86.0)	(14.0, 172.0)	(15.0, 183.0)	(16.0, 184.0)	(17.0, 228.0)	(18.0, 256.0)	(19.0, 235.0)	(20.0, 247.0)	(21.0, 253.0)	(22.0, 239.0)	(23.0, 255.0)	(24.0, 369.0)	(25.0, 422.0)	(26.0, 463.0)	(27.0, 563.0)	(28.0, 673.0)	(29.0, 917.0)	(30.0, 1159.0)	(31.0, 1421.0)	(32.0, 1939.0)	(33.0, 2764.0)	(34.0, 4247.0)	(35.0, 6964.0)	(36.0, 10810.0)	(37.0, 5791.0)						
sample6623_S148_L001_R1_001	(18.0, 5.0)	(19.0, 16.0)	(20.0, 43.0)	(21.0, 150.0)	(22.0, 382.0)	(23.0, 557.0)	(24.0, 727.0)	(25.0, 695.0)	(26.0, 814.0)	(27.0, 894.0)	(28.0, 985.0)	(29.0, 1220.0)	(30.0, 1495.0)	(31.0, 1892.0)	(32.0, 2548.0)	(33.0, 3343.0)	(34.0, 4723.0)	(35.0, 7675.0)	(36.0, 16397.0)	(37.0, 54406.0)																
sample6623_S148_L001_R2_001	(2.0, 1.0)	(3.0, 0.0)	(4.0, 0.0)	(5.0, 0.0)	(6.0, 0.0)	(7.0, 0.0)	(8.0, 0.0)	(9.0, 0.0)	(10.0, 1.0)	(11.0, 1.0)	(12.0, 7.0)	(13.0, 35.0)	(14.0, 127.0)	(15.0, 226.0)	(16.0, 362.0)	(17.0, 613.0)	(18.0, 671.0)	(19.0, 590.0)	(20.0, 576.0)	(21.0, 603.0)	(22.0, 719.0)	(23.0, 795.0)	(24.0, 883.0)	(25.0, 1019.0)	(26.0, 1219.0)	(27.0, 1442.0)	(28.0, 1753.0)	(29.0, 2168.0)	(30.0, 2667.0)	(31.0, 3438.0)	(32.0, 4568.0)	(33.0, 6200.0)	(34.0, 9458.0)	(35.0, 14687.0)	(36.0, 24817.0)	(37.0, 19321.0)
sample6624_S149_L001_R1_001	(2.0, 3.0)	(3.0, 0.0)	(4.0, 0.0)	(5.0, 0.0)	(6.0, 0.0)	(7.0, 0.0)	(8.0, 0.0)	(9.0, 0.0)	(10.0, 0.0)	(11.0, 0.0)	(12.0, 0.0)	(13.0, 0.0)	(14.0, 0.0)	(15.0, 0.0)	(16.0, 0.0)	(17.0, 0.0)	(18.0, 1.0)	(19.0, 7.0)	(20.0, 38.0)	(21.0, 129.0)	(22.0, 341.0)	(23.0, 525.0)	(24.0, 625.0)	(25.0, 657.0)	(26.0, 750.0)	(27.0, 853.0)	(28.0, 955.0)	(29.0, 1108.0)	(30.0, 1404.0)	(31.0, 1792.0)	(32.0, 2227.0)	(33.0, 2998.0)	(34.0, 4273.0)	(35.0, 6964.0)	(36.0, 14641.0)	(37.0, 54505.0)
sample6624_S149_L001_R2_001	(2.0, 3.0)	(3.0, 0.0)	(4.0, 0.0)	(5.0, 0.0)	(6.0, 0.0)	(7.0, 0.0)	(8.0, 0.0)	(9.0, 0.0)	(10.0, 0.0)	(11.0, 0.0)	(12.0, 8.0)	(13.0, 35.0)	(14.0, 119.0)	(15.0, 160.0)	(16.0, 225.0)	(17.0, 389.0)	(18.0, 528.0)	(19.0, 476.0)	(20.0, 494.0)	(21.0, 555.0)	(22.0, 620.0)	(23.0, 598.0)	(24.0, 723.0)	(25.0, 828.0)	(26.0, 919.0)	(27.0, 1094.0)	(28.0, 1366.0)	(29.0, 1598.0)	(30.0, 2010.0)	(31.0, 2616.0)	(32.0, 3412.0)	(33.0, 4801.0)	(34.0, 7239.0)	(35.0, 11883.0)	(36.0, 24813.0)	(37.0, 27284.0)
