Sample	0	1	2	3	4	5	6	7	8	9	10	11	12	13	14	15
sample12835_S50_L001_R1_001	(1.0, 28.850855745721272)	(2.0, 8.312958435207824)	(3.0, 8.80195599022005)	(4.0, 6.845965770171149)	(5.0, 6.112469437652812)	(6.0, 0.0)	(7.0, 0.0)	(8.0, 9.7799511002445)	(9.0, 4.400977995110025)	('>10', 26.894865525672373)	('>50', 0.0)	('>100', 0.0)	('>500', 0.0)	('>1k', 0.0)	('>5k', 0.0)	('>10k+', 0.0)
sample12835_S50_L001_R2_001	(1.0, 47.18826405867971)	(2.0, 13.202933985330073)	(3.0, 6.601466992665037)	(4.0, 8.80195599022005)	(5.0, 7.334963325183375)	(6.0, 5.8679706601467)	(7.0, 6.845965770171149)	(8.0, 1.9559902200488997)	(9.0, 2.2004889975550124)	('>10', 0.0)	('>50', 0.0)	('>100', 0.0)	('>500', 0.0)	('>1k', 0.0)	('>5k', 0.0)	('>10k+', 0.0)
sample12836_S51_L001_R1_001	(1.0, 5.410075767645886)	(2.0, 2.552173335105676)	(3.0, 1.6449554698923303)	(4.0, 1.276086667552838)	(5.0, 0.9637112853914661)	(6.0, 0.8174930214010369)	(7.0, 0.6978598963179583)	(8.0, 0.5582879170543665)	(9.0, 0.17944968762461783)	('>10', 10.072444503522531)	('>50', 4.58925960388143)	('>100', 9.135318357038416)	('>500', 4.35996278080553)	('>1k', 57.74292170676591)	('>5k', 0.0)	('>10k+', 0.0)
sample12836_S51_L001_R2_001	(1.0, 11.302007177987505)	(2.0, 3.78173600957065)	(3.0, 2.4823873454738803)	(4.0, 1.5419380566263459)	(5.0, 1.1298684035624087)	(6.0, 0.8773095839425762)	(7.0, 0.7443838894058221)	(8.0, 0.6912136115911205)	(9.0, 0.8972484381230892)	('>10', 9.660374850458593)	('>50', 2.9974744118038017)	('>100', 22.500996942709026)	('>500', 26.85431343878772)	('>1k', 14.538747839957464)	('>5k', 0.0)	('>10k+', 0.0)
sample12837_S52_L001_R1_001	(1.0, 2.865688429878828)	(2.0, 1.027659900812925)	(3.0, 0.8972851372769569)	(4.0, 0.6033028273429112)	(5.0, 0.754128534178639)	(6.0, 0.6288665064676108)	(7.0, 0.5010481108441126)	(8.0, 0.409018865995194)	(9.0, 0.27608773454675595)	('>10', 7.5182780305741606)	('>50', 4.78552073214377)	('>100', 12.31146786645534)	('>500', 6.950764354005829)	('>1k', 2.6458407894064115)	('>5k', 0.0)	('>10k+', 57.825042180070554)
sample12837_S52_L001_R2_001	(1.0, 6.408814356562196)	(2.0, 2.6995245155682803)	(3.0, 1.978628764251751)	(4.0, 1.308860371184621)	(5.0, 1.3293113144843807)	(6.0, 0.9202924484891866)	(7.0, 1.091569098624674)	(8.0, 0.9202924484891866)	(9.0, 0.7132266475791196)	('>10', 10.854338156347461)	('>50', 5.710925916457897)	('>100', 5.424612710261261)	('>500', 5.687918605245667)	('>1k', 54.95168464645431)	('>5k', 0.0)	('>10k+', 0.0)
sample12838_S53_L001_R1_001	(1.0, 5.270655270655271)	(2.0, 1.7313171159325007)	(3.0, 1.2491781722550954)	(4.0, 0.6136313828621521)	(5.0, 0.6026736795967564)	(6.0, 0.7889546351084813)	(7.0, 0.46022353714661407)	(8.0, 0.43830813061582297)	(9.0, 0.9861932938856016)	('>10', 7.05676090291475)	('>50', 5.478851632697786)	('>100', 10.49747972824896)	('>500', 5.577470962086347)	('>1k', 59.24830155599386)	('>5k', 0.0)	('>10k+', 0.0)
sample12838_S53_L001_R2_001	(1.0, 10.607056760902916)	(2.0, 2.9147490685952224)	(3.0, 1.9395134779750165)	(4.0, 0.9642778873548105)	(5.0, 0.8218277449046679)	(6.0, 0.8547008547008548)	(7.0, 0.6903353057199211)	(8.0, 0.5259697567389875)	(9.0, 0.2958579881656805)	('>10', 14.23405654174885)	('>50', 14.716195485426253)	('>100', 51.435459127766826)	('>500', 0.0)	('>1k', 0.0)	('>5k', 0.0)	('>10k+', 0.0)
sample12839_S54_L001_R1_001	(1.0, 3.3936420320964937)	(2.0, 1.8467409451770076)	(3.0, 1.011959521619135)	(4.0, 0.8586323213738117)	(5.0, 0.5962724453984803)	(6.0, 0.5110906674844118)	(7.0, 0.38161436505502744)	(8.0, 0.2998398582575216)	(9.0, 0.24532352039251765)	('>10', 5.366452008586323)	('>50', 2.4396061194589254)	('>100', 5.911615387236362)	('>500', 5.591331902279465)	('>1k', 71.54587890558452)	('>5k', 0.0)	('>10k+', 0.0)
sample12839_S54_L001_R2_001	(1.0, 7.874203550376503)	(2.0, 2.848478653446455)	(3.0, 1.441275682306041)	(4.0, 0.7904868990425569)	(5.0, 0.800708712392245)	(6.0, 0.6337524276806705)	(7.0, 0.6201233432144195)	(8.0, 0.4361307029200313)	(9.0, 0.45998160073597055)	('>10', 3.8127363794337112)	('>50', 2.981362226992402)	('>100', 52.1585062523425)	('>500', 25.142253569116495)	('>1k', 0.0)	('>5k', 0.0)	('>10k+', 0.0)
sample12840_S55_L001_R1_001	(1.0, 4.272173324306026)	(2.0, 1.3879485443466486)	(3.0, 0.8530805687203791)	(4.0, 0.41976980365605954)	(5.0, 0.49085985104942453)	(6.0, 0.24373730534867974)	(7.0, 0.3080568720379147)	(8.0, 0.4062288422477996)	(9.0, 0.36560595802301965)	('>10', 10.091401489505754)	('>50', 5.355450236966824)	('>100', 20.338524035206497)	('>500', 12.122545700744752)	('>1k', 43.344617467840216)	('>5k', 0.0)	('>10k+', 0.0)
sample12840_S55_L001_R2_001	(1.0, 8.006093432633717)	(2.0, 3.2227488151658767)	(3.0, 2.1530128639133377)	(4.0, 1.8957345971563981)	(5.0, 1.4556533513879486)	(6.0, 1.2999322951929586)	(7.0, 0.7582938388625593)	(8.0, 0.7582938388625593)	(9.0, 0.45700744752877454)	('>10', 14.49221394719025)	('>50', 8.953960731211916)	('>100', 28.85578876100203)	('>500', 27.691266079891676)	('>1k', 0.0)	('>5k', 0.0)	('>10k+', 0.0)
sample12841_S56_L001_R1_001	(1.0, 1.770202805259404)	(2.0, 0.6985717681912111)	(3.0, 0.4498655889398899)	(4.0, 0.365744381251943)	(5.0, 0.3566007717206444)	(6.0, 0.3181976116891904)	(7.0, 0.34562844028308615)	(8.0, 0.2194466287511658)	(9.0, 0.3950039317520985)	('>10', 5.551999707404495)	('>50', 1.8616389005723901)	('>100', 7.307572737413821)	('>500', 2.3718523124188504)	('>1k', 11.800742461093941)	('>5k', 0.0)	('>10k+', 66.18693195325787)
sample12841_S56_L001_R2_001	(1.0, 4.35967302452316)	(2.0, 1.8579814567598705)	(3.0, 1.1575809666623997)	(4.0, 0.8997311778797799)	(5.0, 0.5851910100031088)	(6.0, 0.5266719090027979)	(7.0, 0.47363897372126623)	(8.0, 0.17555730300093264)	(9.0, 0.19750196587604926)	('>10', 6.565111643472377)	('>50', 4.092679626209242)	('>100', 13.7318727941042)	('>500', 0.0)	('>1k', 65.37680814878482)	('>5k', 0.0)	('>10k+', 0.0)
sample12842_S57_L001_R1_001	(1.0, 2.8580283048104405)	(2.0, 1.2465135498088908)	(3.0, 0.7437760407699459)	(4.0, 0.6404738128852313)	(5.0, 0.5853792913467167)	(6.0, 0.4545298026927448)	(7.0, 0.5423366963947522)	(8.0, 0.2754726076925726)	(9.0, 0.40287868875038735)	('>10', 4.660652181398712)	('>50', 4.419613649667712)	('>100', 15.328328914293584)	('>500', 7.578940119141903)	('>1k', 3.9185978444268446)	('>5k', 56.34447849591956)	('>10k+', 0.0)
sample12842_S57_L001_R2_001	(1.0, 6.446059020006198)	(2.0, 2.327743535002238)	(3.0, 1.3171034055301127)	(4.0, 1.0399090940394615)	(5.0, 0.7403326331737888)	(6.0, 0.6921249268275886)	(7.0, 0.8797906408181536)	(8.0, 0.5784924761544025)	(9.0, 0.6198133673082883)	('>10', 6.7198099239006925)	('>50', 5.404428222168658)	('>100', 25.610343996418855)	('>500', 26.83964050824696)	('>1k', 20.784408250404603)	('>5k', 0.0)	('>10k+', 0.0)
sample12843_S58_L001_R1_001	(1.0, 2.751828925154755)	(2.0, 1.080472706809229)	(3.0, 0.8525604952166572)	(4.0, 0.6190208216094542)	(5.0, 0.47833427124366906)	(6.0, 0.4051772650534609)	(7.0, 0.413618458075408)	(8.0, 0.4501969611705121)	(9.0, 0.5317951603826674)	('>10', 5.1294316263365225)	('>50', 2.599887450759707)	('>100', 7.8390545863815415)	('>500', 8.244231851435002)	('>1k', 3.0894766460326393)	('>5k', 0.0)	('>10k+', 65.51491277433877)
sample12843_S58_L001_R2_001	(1.0, 7.1862689926843)	(2.0, 2.6449071468767587)	(3.0, 1.8486212718064152)	(4.0, 1.2605514912774338)	(5.0, 1.0270118176702308)	(6.0, 0.6077658975801914)	(7.0, 0.45301069217782775)	(8.0, 0.18007878446820483)	(9.0, 0.4051772650534609)	('>10', 6.356218345526169)	('>50', 2.6533483398987054)	('>100', 13.528418683173888)	('>500', 18.081035453010692)	('>1k', 43.76758581879572)	('>5k', 0.0)	('>10k+', 0.0)
sample12844_S59_L001_R1_001	(1.0, 2.212202932749031)	(2.0, 0.9312320916905444)	(3.0, 0.7015843586718356)	(4.0, 0.5814933423226024)	(5.0, 0.547783583347379)	(6.0, 0.45508174616551494)	(7.0, 0.2949603910332041)	(8.0, 0.3202427102646216)	(9.0, 0.474043485589078)	('>10', 6.754592954660374)	('>50', 2.4397438058317884)	('>100', 6.029833136693073)	('>500', 1.108208326310467)	('>1k', 6.40064048542053)	('>5k', 49.43746839710096)	('>10k+', 21.310888252148995)
sample12844_S59_L001_R2_001	(1.0, 5.652705208157761)	(2.0, 2.6335749199393224)	(3.0, 1.6117478510028653)	(4.0, 0.9775830102814764)	(5.0, 0.7690038766222822)	(6.0, 0.5941345019383111)	(7.0, 0.4424405865498061)	(8.0, 0.28653295128939826)	(9.0, 0.2654643519298837)	('>10', 3.8745154222147313)	('>50', 2.16795887409405)	('>100', 9.860104500252822)	('>500', 26.114528906118323)	('>1k', 44.74970503960897)	('>5k', 0.0)	('>10k+', 0.0)
sample12973_S188_L001_R1_001	(1.0, 16.129032258064516)	(2.0, 3.225806451612903)	(3.0, 2.6881720430107525)	(4.0, 2.867383512544803)	(5.0, 1.7921146953405016)	(6.0, 2.1505376344086025)	(7.0, 0.0)	(8.0, 0.0)	(9.0, 0.0)	('>10', 34.229390681003586)	('>50', 14.695340501792115)	('>100', 22.22222222222222)	('>500', 0.0)	('>1k', 0.0)	('>5k', 0.0)	('>10k+', 0.0)
sample12973_S188_L001_R2_001	(1.0, 13.620071684587815)	(2.0, 1.7921146953405016)	(3.0, 0.5376344086021506)	(4.0, 0.0)	(5.0, 0.0)	(6.0, 1.0752688172043012)	(7.0, 0.0)	(8.0, 0.0)	(9.0, 0.0)	('>10', 10.57347670250896)	('>50', 22.401433691756274)	('>100', 50.0)	('>500', 0.0)	('>1k', 0.0)	('>5k', 0.0)	('>10k+', 0.0)
sample12974_S189_L001_R1_001	(1.0, 10.091743119266056)	(2.0, 2.0969855832241153)	(3.0, 1.1795543905635648)	(4.0, 1.0484927916120577)	(5.0, 0.0)	(6.0, 0.0)	(7.0, 0.9174311926605505)	(8.0, 0.0)	(9.0, 1.1795543905635648)	('>10', 27.78505897771953)	('>50', 7.601572739187418)	('>100', 48.099606815203146)	('>500', 0.0)	('>1k', 0.0)	('>5k', 0.0)	('>10k+', 0.0)
sample12974_S189_L001_R2_001	(1.0, 7.077326343381389)	(2.0, 2.8833551769331587)	(3.0, 0.0)	(4.0, 0.0)	(5.0, 0.655307994757536)	(6.0, 0.0)	(7.0, 0.9174311926605505)	(8.0, 0.0)	(9.0, 0.0)	('>10', 0.0)	('>50', 0.0)	('>100', 14.154652686762779)	('>500', 74.31192660550458)	('>1k', 0.0)	('>5k', 0.0)	('>10k+', 0.0)
sample12975_S190_L001_R1_001	(1.0, 7.413509060955518)	(2.0, 2.800658978583196)	(3.0, 0.4942339373970346)	(4.0, 0.6589785831960462)	(5.0, 0.41186161449752884)	(6.0, 0.9884678747940692)	(7.0, 0.5766062602965404)	(8.0, 0.0)	(9.0, 0.0)	('>10', 7.660626029654035)	('>50', 9.390444810543658)	('>100', 69.60461285008238)	('>500', 0.0)	('>1k', 0.0)	('>5k', 0.0)	('>10k+', 0.0)
sample12975_S190_L001_R2_001	(1.0, 5.766062602965404)	(2.0, 1.8121911037891267)	(3.0, 0.9884678747940692)	(4.0, 0.0)	(5.0, 0.41186161449752884)	(6.0, 0.0)	(7.0, 0.0)	(8.0, 0.0)	(9.0, 0.0)	('>10', 4.7775947281713345)	('>50', 0.0)	('>100', 0.0)	('>500', 0.0)	('>1k', 86.24382207578253)	('>5k', 0.0)	('>10k+', 0.0)
sample13079_S41_L001_R1_001	(1.0, 4.768000298992768)	(2.0, 1.6089548334049668)	(3.0, 1.0091005923794218)	(4.0, 0.6577840898473268)	(5.0, 0.5839702502195728)	(6.0, 0.3587913217349055)	(7.0, 0.33356380692542)	(8.0, 0.43353951376301086)	(9.0, 0.37841272214228316)	('>10', 9.095920617420065)	('>50', 5.7472016145609475)	('>100', 21.37798292003812)	('>500', 15.456057406611478)	('>1k', 38.19072001195971)	('>5k', 0.0)	('>10k+', 0.0)
sample13079_S41_L001_R2_001	(1.0, 8.03356193822062)	(2.0, 2.173303683217162)	(3.0, 1.2137237680563602)	(4.0, 1.0614243267990955)	(5.0, 0.9016500663390205)	(6.0, 0.6559153850466242)	(7.0, 0.6605871470483807)	(8.0, 0.6278848130360847)	(9.0, 0.5381869826023583)	('>10', 11.843851026853287)	('>50', 11.116924859379964)	('>100', 47.164240464933755)	('>500', 14.008745538467288)	('>1k', 0.0)	('>5k', 0.0)	('>10k+', 0.0)
sample13080_S42_L001_R1_001	(1.0, 4.500234281096571)	(2.0, 1.6026185156764614)	(3.0, 0.9208265708717294)	(4.0, 0.632898498563755)	(5.0, 0.5228882445215572)	(6.0, 0.395222023781229)	(7.0, 0.4373247135998479)	(8.0, 0.33682151854895115)	(9.0, 0.3483658044669596)	('>10', 7.113996428062122)	('>50', 5.8964138015333525)	('>100', 17.456997534955416)	('>500', 14.153973611120543)	('>1k', 45.6814184532015)	('>5k', 0.0)	('>10k+', 0.0)
sample13080_S42_L001_R2_001	(1.0, 6.227123639302182)	(2.0, 1.8769650751397198)	(3.0, 1.079730271154904)	(4.0, 0.7632810218730264)	(5.0, 0.6077726998010309)	(6.0, 0.5582001779178183)	(7.0, 0.4373247135998479)	(8.0, 0.3531193339626101)	(9.0, 0.33003076212659327)	('>10', 9.155976884265138)	('>50', 7.7903557677289665)	('>100', 31.01474273219294)	('>500', 26.976279887816705)	('>1k', 12.829097033118519)	('>5k', 0.0)	('>10k+', 0.0)
sample13081_S43_L001_R1_001	(1.0, 5.2925410647360405)	(2.0, 1.759361202860352)	(3.0, 1.0442731791946085)	(4.0, 0.5916435903424192)	(5.0, 0.5338137657224836)	(6.0, 0.48043238915023523)	(7.0, 0.4281631245899087)	(8.0, 0.39146342819648794)	(9.0, 0.3403062756480833)	('>10', 8.847963166850164)	('>50', 5.412649162023599)	('>100', 22.89616210144686)	('>500', 14.538640331854225)	('>1k', 37.442587217384535)	('>5k', 0.0)	('>10k+', 0.0)
sample13081_S43_L001_R2_001	(1.0, 6.404653076657881)	(2.0, 1.7371189626219152)	(3.0, 0.8607746972275048)	(4.0, 0.5204684215794215)	(5.0, 0.517132085543656)	(6.0, 0.41370566843492473)	(7.0, 0.3191761474215683)	(8.0, 0.25800998676586706)	(9.0, 0.31027925132619355)	('>10', 11.167828823719125)	('>50', 10.15580689287025)	('>100', 27.714943449104197)	('>500', 28.754768180251116)	('>1k', 10.865334356476385)	('>5k', 0.0)	('>10k+', 0.0)
sample13082_S44_L001_R1_001	(1.0, 5.148248523582234)	(2.0, 1.7717013186635384)	(3.0, 1.0527060917401505)	(4.0, 0.6148369872987622)	(5.0, 0.5258474233476256)	(6.0, 0.4307903891270933)	(7.0, 0.4318016341719926)	(8.0, 0.37213817652293507)	(9.0, 0.34584580535555376)	('>10', 8.071757948386054)	('>50', 6.701520912547529)	('>100', 24.092913194725345)	('>500', 9.193228703179354)	('>1k', 41.24666289135183)	('>5k', 0.0)	('>10k+', 0.0)
sample13082_S44_L001_R2_001	(1.0, 5.896569856807702)	(2.0, 1.7494539276757544)	(3.0, 0.9798964485074023)	(4.0, 0.6148369872987622)	(5.0, 0.5106787476741365)	(6.0, 0.4429253296658846)	(7.0, 0.4034867729148127)	(8.0, 0.23460885041663293)	(9.0, 0.29123857293099265)	('>10', 6.838038993608932)	('>50', 7.8391715880592185)	('>100', 29.553636437181456)	('>500', 10.381441630936008)	('>1k', 34.2640158563223)	('>5k', 0.0)	('>10k+', 0.0)
sample13083_S45_L001_R1_001	(1.0, 4.476611604698113)	(2.0, 1.6428682354287394)	(3.0, 0.9685566462602271)	(4.0, 0.6669554627412196)	(5.0, 0.48632169158213934)	(6.0, 0.3187654785160241)	(7.0, 0.34328589994033365)	(8.0, 0.3269389523241273)	(9.0, 0.36045019493735037)	('>10', 6.9204802733209645)	('>50', 4.215877790219621)	('>100', 19.071166436447154)	('>500', 10.664748624813033)	('>1k', 49.53697270877095)	('>5k', 0.0)	('>10k+', 0.0)
sample13083_S45_L001_R2_001	(1.0, 6.949087431649326)	(2.0, 2.0711582629733463)	(3.0, 1.2775139562065274)	(4.0, 0.8892739503216263)	(5.0, 0.7805667486738539)	(6.0, 0.6718595470260815)	(7.0, 0.5492574399045338)	(8.0, 0.7388820322525277)	(9.0, 0.43401145921027895)	('>10', 12.404881198558199)	('>50', 6.7006138278829885)	('>100', 50.41725583790366)	('>500', 12.601044569952677)	('>1k', 3.514593737484368)	('>5k', 0.0)	('>10k+', 0.0)
sample13084_S46_L001_R1_001	(1.0, 5.00073459193418)	(2.0, 1.639976493058106)	(3.0, 0.9338499963270402)	(4.0, 0.6464409020788953)	(5.0, 0.4958495555718799)	(6.0, 0.28649085433041943)	(7.0, 0.34066700947623596)	(8.0, 0.3893337251156982)	(9.0, 0.3305663703812532)	('>10', 7.828913538529347)	('>50', 4.550797032248586)	('>100', 24.439873650187323)	('>500', 11.14926908102549)	('>1k', 41.96723719973555)	('>5k', 0.0)	('>10k+', 0.0)
sample13084_S46_L001_R2_001	(1.0, 8.193454785866452)	(2.0, 2.374568427238669)	(3.0, 1.5316241827664732)	(4.0, 1.1533093366634835)	(5.0, 0.9549695144347315)	(6.0, 0.8925292000293837)	(7.0, 0.7777492103136708)	(8.0, 0.8741644016748696)	(9.0, 0.7520384926173511)	('>10', 16.93418056269742)	('>50', 9.31370748549181)	('>100', 49.706163226327774)	('>500', 6.541541173877912)	('>1k', 0.0)	('>5k', 0.0)	('>10k+', 0.0)
sample13085_S47_L001_R1_001	(1.0, 4.654593052787872)	(2.0, 1.6352127534872818)	(3.0, 0.9436173953815497)	(4.0, 0.6486148556245849)	(5.0, 0.4786465049036846)	(6.0, 0.4337123432188489)	(7.0, 0.4307818544133161)	(8.0, 0.35947329347868556)	(9.0, 0.26374399249794866)	('>10', 7.144531707888876)	('>50', 4.313679521744227)	('>100', 21.961083108662525)	('>500', 11.424999023170399)	('>1k', 40.04415269800336)	('>5k', 5.263157894736842)	('>10k+', 0.0)
sample13085_S47_L001_R2_001	(1.0, 7.856640487633337)	(2.0, 2.2935959051303088)	(3.0, 1.2923455632399483)	(4.0, 1.0510686515844176)	(5.0, 0.9133356777243776)	(6.0, 0.7970929551049114)	(7.0, 0.6085648419489704)	(8.0, 0.6408002188098308)	(9.0, 0.6681514476614699)	('>10', 17.707967022232644)	('>50', 10.853553706091509)	('>100', 29.635056460750985)	('>500', 22.546204040167233)	('>1k', 3.135623021920056)	('>5k', 0.0)	('>10k+', 0.0)
sample13086_S48_L001_R1_001	(1.0, 5.153778947058419)	(2.0, 1.7670099247057438)	(3.0, 0.9806905082116879)	(4.0, 0.7735576781489589)	(5.0, 0.5644615037254459)	(6.0, 0.4712026465881983)	(7.0, 0.46727595786663)	(8.0, 0.37696211727055867)	(9.0, 0.282721587952919)	('>10', 9.308215614477701)	('>50', 4.831790471889817)	('>100', 22.845474982084482)	('>500', 10.352714814414874)	('>1k', 41.82414324560456)	('>5k', 0.0)	('>10k+', 0.0)
sample13086_S48_L001_R2_001	(1.0, 8.876279855105187)	(2.0, 2.6308814434507743)	(3.0, 1.5078484690822347)	(4.0, 1.1701532390273592)	(5.0, 1.0651143157254066)	(6.0, 0.8599448300234619)	(7.0, 0.8314763367920917)	(8.0, 0.8167512540862105)	(9.0, 0.8835049623528719)	('>10', 16.808191072673193)	('>50', 7.419478339403341)	('>100', 49.943553849627456)	('>500', 7.186822032650417)	('>1k', 0.0)	('>5k', 0.0)	('>10k+', 0.0)
sample13087_S49_L001_R1_001	(1.0, 3.837471783295711)	(2.0, 1.3528969149736643)	(3.0, 0.7562076749435667)	(4.0, 0.617005267118134)	(5.0, 0.3762227238525207)	(6.0, 0.3972911963882619)	(7.0, 0.363431151241535)	(8.0, 0.2949586155003762)	(9.0, 0.2979683972911964)	('>10', 6.659142212189615)	('>50', 3.862302483069977)	('>100', 19.895410082769)	('>500', 10.81489841986456)	('>1k', 42.54853273137697)	('>5k', 7.926260346124906)	('>10k+', 0.0)
sample13087_S49_L001_R2_001	(1.0, 6.870579382994733)	(2.0, 2.2452972159518434)	(3.0, 1.3769751693002257)	(4.0, 1.2069224981188864)	(5.0, 1.019563581640331)	(6.0, 0.7223476297968396)	(7.0, 0.6531226486079759)	(8.0, 0.8066215199398044)	(9.0, 0.7516930022573363)	('>10', 15.963882618510159)	('>50', 10.528969149736644)	('>100', 51.35515425131678)	('>500', 6.498871331828443)	('>1k', 0.0)	('>5k', 0.0)	('>10k+', 0.0)
sample13088_S50_L001_R1_001	(1.0, 4.1816073025401295)	(2.0, 1.4590914322646906)	(3.0, 0.8074583654280326)	(4.0, 0.5737204175409705)	(5.0, 0.44268550736186)	(6.0, 0.39841695662567395)	(7.0, 0.316077452256368)	(8.0, 0.4249780870673856)	(9.0, 0.22311349571037745)	('>10', 7.457480057017893)	('>50', 5.1085907549558645)	('>100', 20.524670863325277)	('>500', 11.39295421746483)	('>1k', 46.68915509044065)	('>5k', 0.0)	('>10k+', 0.0)
sample13088_S50_L001_R2_001	(1.0, 7.669969100551587)	(2.0, 2.4082091600485183)	(3.0, 1.5246088873542458)	(4.0, 1.1616067713175204)	(5.0, 1.0004692466378036)	(6.0, 0.9402640176365906)	(7.0, 0.8490708031200475)	(8.0, 0.7862094610746634)	(9.0, 0.8685489654439693)	('>10', 17.975687711935688)	('>50', 12.927302185981034)	('>100', 45.97643142358805)	('>500', 5.911622265310278)	('>1k', 0.0)	('>5k', 0.0)	('>10k+', 0.0)
sample13225_S41_L001_R1_001	(1.0, 2.7781144699522438)	(2.0, 0.9527041768684396)	(3.0, 0.6545295871615233)	(4.0, 0.4412014254199898)	(5.0, 0.4121112215461443)	(6.0, 0.32726479358076166)	(7.0, 0.34787035465806887)	(8.0, 0.25211510023999417)	(9.0, 0.26181183486460935)	('>10', 5.851979345955249)	('>50', 3.883542217158372)	('>100', 9.23250345446171)	('>500', 16.68808028896269)	('>1k', 19.355894402559937)	('>5k', 6.118639548132167)	('>10k+', 32.441637778478096)
sample13225_S41_L001_R2_001	(1.0, 1.5539017235945796)	(2.0, 0.589076628445371)	(3.0, 0.35999127293883787)	(4.0, 0.2957504060507624)	(5.0, 0.38786938498460644)	(6.0, 0.18908632517999563)	(7.0, 0.22908535550653317)	(8.0, 0.242418365615379)	(9.0, 0.15272357033768877)	('>10', 3.6071852803568403)	('>50', 1.4654190201449662)	('>100', 6.696807350124844)	('>500', 2.0835858524641826)	('>1k', 11.615475988460885)	('>5k', 13.946328573852753)	('>10k+', 56.58529490194177)
sample13226_S42_L001_R1_001	(1.0, 2.1011305888226963)	(2.0, 0.8467446839070633)	(3.0, 0.6299287995786795)	(4.0, 0.4705657047884164)	(5.0, 0.3727591702175682)	(6.0, 0.348820507910018)	(7.0, 0.2968394126136231)	(8.0, 0.2681130178445628)	(9.0, 0.1908253366801863)	('>10', 4.579808080324471)	('>50', 2.41712093128236)	('>100', 8.140513108127518)	('>500', 2.7392669297639647)	('>1k', 20.737721176140678)	('>5k', 33.74325442694262)	('>10k+', 22.11658812505557)
sample13226_S42_L001_R2_001	(1.0, 1.1976170771577284)	(2.0, 0.46646193410712206)	(3.0, 0.361131819953901)	(4.0, 0.3693393613164896)	(5.0, 0.2838441387895244)	(6.0, 0.21749984610859946)	(7.0, 0.16757063615285178)	(8.0, 0.14226405028487007)	(9.0, 0.08617918430718091)	('>10', 3.292592009958484)	('>50', 1.557380973551198)	('>100', 3.6414125178685017)	('>500', 2.0990787034820495)	('>1k', 11.82980295061112)	('>5k', 0.0)	('>10k+', 74.28782479635038)
sample13227_S43_L001_R1_001	(1.0, 1.238034225213611)	(2.0, 0.5204172829156023)	(3.0, 0.39624477012266984)	(4.0, 0.31003582811993324)	(5.0, 0.2662722673479018)	(6.0, 0.2499268410354564)	(7.0, 0.17347242763853407)	(8.0, 0.17505424308812556)	(9.0, 0.15422700633517086)	('>10', 3.199221746798801)	('>50', 1.743424261358094)	('>100', 5.3394180500960955)	('>500', 3.107740086630759)	('>1k', 11.435734792821721)	('>5k', 12.157306273743709)	('>10k+', 59.53346989673381)
sample13227_S43_L001_R2_001	(1.0, 0.5343899860536605)	(2.0, 0.18559967941873556)	(3.0, 0.12259069734334095)	(4.0, 0.10756345057222173)	(5.0, 0.08304531110355355)	(6.0, 0.09016348062671528)	(7.0, 0.07197260295641307)	(8.0, 0.0822544033787578)	(9.0, 0.07118169523161733)	('>10', 1.7850787348640034)	('>50', 1.2266978811582052)	('>100', 3.055276540885975)	('>500', 0.7278987427203535)	('>1k', 2.202150741739628)	('>5k', 2.10434181977322)	('>10k+', 87.5497942321736)
sample13228_S44_L001_R1_001	(1.0, 1.7374530533232453)	(2.0, 0.7974970860683394)	(3.0, 0.5602928245710898)	(4.0, 0.4744085229944993)	(5.0, 0.3817080070070684)	(6.0, 0.26583236202277977)	(7.0, 0.33399450613118487)	(8.0, 0.23993074726158586)	(9.0, 0.2392491258205018)	('>10', 3.534207172020803)	('>50', 2.252758862782788)	('>100', 6.759639831230531)	('>500', 0.0)	('>1k', 25.46605866034122)	('>5k', 0.0)	('>10k+', 56.95696923842436)
sample13228_S44_L001_R2_001	(1.0, 0.7675057426606412)	(2.0, 0.25356317608326684)	(3.0, 0.21266588961822383)	(4.0, 0.188127517739198)	(5.0, 0.13632428821681017)	(6.0, 0.16358914586017217)	(7.0, 0.10974105201453216)	(8.0, 0.11451240210212052)	(9.0, 0.20244156800196308)	('>10', 2.33387181427179)	('>50', 2.264346427281217)	('>100', 2.3856750437941776)	('>500', 1.250093722948149)	('>1k', 3.7591422475785397)	('>5k', 4.486432325215222)	('>10k+', 81.37196763661397)
sample13229_S45_L001_R1_001	(1.0, 1.4233267707174175)	(2.0, 0.6705281479156561)	(3.0, 0.5592490084743345)	(4.0, 0.4964761605843582)	(5.0, 0.3067309612805661)	(6.0, 0.2995976831112506)	(7.0, 0.31624199883965337)	(8.0, 0.25489580658354016)	(9.0, 0.2311182126858219)	('>10', 3.3093655186844333)	('>50', 1.664431572840281)	('>100', 4.503476284227846)	('>500', 1.9003053043056468)	('>1k', 14.041620300358565)	('>5k', 20.614698357443814)	('>10k+', 49.40793791194682)
sample13229_S45_L001_R2_001	(1.0, 0.7751495610656167)	(2.0, 0.2453847690244529)	(3.0, 0.21542500071332782)	(4.0, 0.15788322348084952)	(5.0, 0.11413245070904786)	(6.0, 0.1398122521185836)	(7.0, 0.10652362066177799)	(8.0, 0.11793686573268278)	(9.0, 0.12839900704767884)	('>10', 2.0210954813060558)	('>50', 1.5522013296430508)	('>100', 3.053994160222939)	('>500', 0.9615658972237281)	('>1k', 7.037216689968709)	('>5k', 3.2109262799478797)	('>10k+', 80.16235341113362)
sample13230_S46_L001_R1_001	(1.0, 2.6249487314700883)	(2.0, 1.1572039608601394)	(3.0, 0.7558446124099139)	(4.0, 0.6386594011835707)	(5.0, 0.42479639069549424)	(6.0, 0.41307786957285986)	(7.0, 0.3691334153629812)	(8.0, 0.2929630280658581)	(9.0, 0.171383371418527)	('>10', 4.532138044178825)	('>50', 2.3891134938770726)	('>100', 8.911935313763403)	('>500', 6.990097849651374)	('>1k', 42.48549833011074)	('>5k', 13.15111032987637)	('>10k+', 14.692095857502782)
sample13230_S46_L001_R2_001	(1.0, 1.558563309310365)	(2.0, 0.5888556864123748)	(3.0, 0.4526278783617508)	(4.0, 0.3574148942403469)	(5.0, 0.26366672525927226)	(6.0, 0.3691334153629812)	(7.0, 0.317864885451456)	(8.0, 0.2929630280658581)	(9.0, 0.171383371418527)	('>10', 3.3851877893009905)	('>50', 1.942344876076639)	('>100', 4.104412023202672)	('>500', 1.6757485205367084)	('>1k', 14.526571746645573)	('>5k', 8.471025956524286)	('>10k+', 61.5222358938302)
sample13231_S47_L001_R1_001	(1.0, 2.052814083755668)	(2.0, 0.8620965590824219)	(3.0, 0.534542544678581)	(4.0, 0.41397706054947986)	(5.0, 0.3787676713790344)	(6.0, 0.2368631635102694)	(7.0, 0.20165377433982393)	(8.0, 0.1877834089090424)	(9.0, 0.2880768204854628)	('>10', 3.7791411042944785)	('>50', 3.2381968524939984)	('>100', 7.056815150706855)	('>500', 7.356628434249133)	('>1k', 19.696985862896774)	('>5k', 0.0)	('>10k+', 53.71565750866898)
sample13231_S47_L001_R2_001	(1.0, 1.1181648439583889)	(2.0, 0.3905041344358495)	(3.0, 0.2528674313150173)	(4.0, 0.234729261136303)	(5.0, 0.18671645772205922)	(6.0, 0.18564950653507603)	(7.0, 0.1643104827954121)	(8.0, 0.12803414243798347)	(9.0, 0.12483328887703388)	('>10', 2.7441984529207786)	('>50', 1.855428114163777)	('>100', 4.791677780741531)	('>500', 2.7089890637503333)	('>1k', 10.16057615364097)	('>5k', 0.0)	('>10k+', 74.95332088556948)
sample13232_S48_L001_R1_001	(1.0, 1.471733808146005)	(2.0, 0.7493137473106313)	(3.0, 0.5160805697752059)	(4.0, 0.38207582164849024)	(5.0, 0.36631055716299427)	(6.0, 0.2698642332517249)	(7.0, 0.2791379182431931)	(8.0, 0.25966317976110986)	(9.0, 0.19613843756955263)	('>10', 3.2411529045181395)	('>50', 1.1077416722308777)	('>100', 5.018918317382595)	('>500', 2.2113101862155946)	('>1k', 13.623970620965947)	('>5k', 33.33426070183248)	('>10k+', 36.97232732398546)
sample13232_S48_L001_R2_001	(1.0, 0.6023258401958602)	(2.0, 0.23276949328585209)	(3.0, 0.13632316937458266)	(4.0, 0.09644632391126938)	(5.0, 0.11128421989761851)	(6.0, 0.09459158691297574)	(7.0, 0.07465316418131908)	(8.0, 0.0704800059351584)	(9.0, 0.05425105720008903)	('>10', 2.105590177312857)	('>50', 1.0762111432598858)	('>100', 2.7533570739669115)	('>500', 0.9723458713554418)	('>1k', 7.649399065212553)	('>5k', 0.0)	('>10k+', 83.96997180799762)
sample13233_S49_L001_R1_001	(1.0, 1.1785223624547092)	(2.0, 0.489176472263153)	(3.0, 0.36133000192196807)	(4.0, 0.25967924488009053)	(5.0, 0.23846641182793402)	(6.0, 0.20500993016849253)	(7.0, 0.16642820025483873)	(8.0, 0.1628690000783024)	(9.0, 0.15760138381702865)	('>10', 2.7363130957211297)	('>50', 1.3633160356204754)	('>100', 5.044952698229654)	('>500', 3.2976701475644394)	('>1k', 13.800869868523147)	('>5k', 11.551597724959247)	('>10k+', 58.98619742171539)
sample13233_S49_L001_R2_001	(1.0, 0.5384358027064158)	(2.0, 0.20415572212612385)	(3.0, 0.15973690392295042)	(4.0, 0.1258533182423246)	(5.0, 0.10962336543731892)	(6.0, 0.10421338116898371)	(7.0, 0.10663363728902842)	(8.0, 0.07061453150248076)	(9.0, 0.09353578063937472)	('>10', 1.8003858172991365)	('>50', 0.963546671791915)	('>100', 2.848214349271432)	('>500', 1.1631466176920724)	('>1k', 4.343647895444935)	('>5k', 1.7212292053729685)	('>10k+', 85.64702700009254)
sample13234_S50_L001_R1_001	(1.0, 4.346331589199099)	(2.0, 1.2298055990528205)	(3.0, 0.8822518427987626)	(4.0, 0.7485773211625864)	(5.0, 0.725661688882099)	(6.0, 0.6187220715731582)	(7.0, 0.5614329908719398)	(8.0, 0.45831264560974677)	(9.0, 0.4124813810487721)	('>10', 11.343237978841234)	('>50', 6.076461826375893)	('>100', 21.605621968452812)	('>500', 6.305618149180766)	('>1k', 44.68548294695031)	('>5k', 0.0)	('>10k+', 0.0)
sample13234_S50_L001_R2_001	(1.0, 2.3946835733109273)	(2.0, 0.9242638353129893)	(3.0, 0.5041439101707215)	(4.0, 0.29026467555283963)	(5.0, 0.32463812397357067)	(6.0, 0.38956574876828476)	(7.0, 0.45449337356299896)	(8.0, 0.3055417637398312)	(9.0, 0.3093610357865791)	('>10', 4.590765000190963)	('>50', 3.8994767597295956)	('>100', 2.738418057518237)	('>500', 5.1407401749226596)	('>1k', 37.4746973226903)	('>5k', 0.0)	('>10k+', 40.25894664476951)
