Sample	0	1	2	3	4	5	6	7	8	9	10	11	12
sample12835_S50_L001_R1_001	(29.0, 1.0)	(30.0, 1.0)	(31.0, 2.0)	(32.0, 9.0)	(33.0, 19.0)	(34.0, 31.0)	(35.0, 56.0)	(36.0, 78.0)	(37.0, 212.0)				
sample12835_S50_L001_R2_001	(28.0, 2.0)	(29.0, 3.0)	(30.0, 1.0)	(31.0, 12.0)	(32.0, 20.0)	(33.0, 38.0)	(34.0, 50.0)	(35.0, 73.0)	(36.0, 106.0)	(37.0, 104.0)			
sample12836_S51_L001_R1_001	(28.0, 2.0)	(29.0, 14.0)	(30.0, 42.0)	(31.0, 183.0)	(32.0, 385.0)	(33.0, 841.0)	(34.0, 1392.0)	(35.0, 2517.0)	(36.0, 4686.0)	(37.0, 20030.0)			
sample12836_S51_L001_R2_001	(26.0, 1.0)	(27.0, 12.0)	(28.0, 23.0)	(29.0, 91.0)	(30.0, 208.0)	(31.0, 469.0)	(32.0, 832.0)	(33.0, 1515.0)	(34.0, 2498.0)	(35.0, 3842.0)	(36.0, 6507.0)	(37.0, 14094.0)	
sample12837_S52_L001_R1_001	(28.0, 1.0)	(29.0, 11.0)	(30.0, 55.0)	(31.0, 217.0)	(32.0, 476.0)	(33.0, 1011.0)	(34.0, 1921.0)	(35.0, 3177.0)	(36.0, 6136.0)	(37.0, 26113.0)			
sample12837_S52_L001_R2_001	(26.0, 5.0)	(27.0, 13.0)	(28.0, 48.0)	(29.0, 128.0)	(30.0, 308.0)	(31.0, 651.0)	(32.0, 1136.0)	(33.0, 2007.0)	(34.0, 3315.0)	(35.0, 5493.0)	(36.0, 9668.0)	(37.0, 16346.0)	
sample12838_S53_L001_R1_001	(27.0, 1.0)	(28.0, 0.0)	(29.0, 2.0)	(30.0, 12.0)	(31.0, 31.0)	(32.0, 105.0)	(33.0, 253.0)	(34.0, 445.0)	(35.0, 782.0)	(36.0, 1363.0)	(37.0, 6132.0)		
sample12838_S53_L001_R2_001	(27.0, 1.0)	(28.0, 0.0)	(29.0, 27.0)	(30.0, 83.0)	(31.0, 184.0)	(32.0, 356.0)	(33.0, 601.0)	(34.0, 1097.0)	(35.0, 1432.0)	(36.0, 2225.0)	(37.0, 3120.0)		
sample12839_S54_L001_R1_001	(29.0, 7.0)	(30.0, 51.0)	(31.0, 171.0)	(32.0, 406.0)	(33.0, 799.0)	(34.0, 1392.0)	(35.0, 2429.0)	(36.0, 4421.0)	(37.0, 19673.0)				
sample12839_S54_L001_R2_001	(26.0, 2.0)	(27.0, 6.0)	(28.0, 21.0)	(29.0, 83.0)	(30.0, 225.0)	(31.0, 472.0)	(32.0, 853.0)	(33.0, 1396.0)	(34.0, 2412.0)	(35.0, 3674.0)	(36.0, 6769.0)	(37.0, 13436.0)	
sample12840_S55_L001_R1_001	(27.0, 1.0)	(28.0, 2.0)	(29.0, 14.0)	(30.0, 38.0)	(31.0, 140.0)	(32.0, 347.0)	(33.0, 794.0)	(34.0, 1410.0)	(35.0, 2498.0)	(36.0, 4681.0)	(37.0, 19615.0)		
sample12840_S55_L001_R2_001	(26.0, 1.0)	(27.0, 14.0)	(28.0, 26.0)	(29.0, 104.0)	(30.0, 239.0)	(31.0, 535.0)	(32.0, 1033.0)	(33.0, 1716.0)	(34.0, 2769.0)	(35.0, 4295.0)	(36.0, 7371.0)	(37.0, 11437.0)	
sample12841_S56_L001_R1_001	(27.0, 1.0)	(28.0, 9.0)	(29.0, 32.0)	(30.0, 142.0)	(31.0, 329.0)	(32.0, 822.0)	(33.0, 1687.0)	(34.0, 2966.0)	(35.0, 4927.0)	(36.0, 9081.0)	(37.0, 34687.0)		
sample12841_S56_L001_R2_001	(27.0, 8.0)	(28.0, 48.0)	(29.0, 127.0)	(30.0, 405.0)	(31.0, 905.0)	(32.0, 1813.0)	(33.0, 3308.0)	(34.0, 5208.0)	(35.0, 8414.0)	(36.0, 13460.0)	(37.0, 20987.0)		
sample12842_S57_L001_R1_001	(27.0, 1.0)	(28.0, 5.0)	(29.0, 35.0)	(30.0, 142.0)	(31.0, 415.0)	(32.0, 945.0)	(33.0, 1837.0)	(34.0, 3315.0)	(35.0, 5361.0)	(36.0, 9830.0)	(37.0, 36196.0)		
sample12842_S57_L001_R2_001	(27.0, 11.0)	(28.0, 49.0)	(29.0, 144.0)	(30.0, 369.0)	(31.0, 798.0)	(32.0, 1689.0)	(33.0, 3082.0)	(34.0, 5369.0)	(35.0, 8854.0)	(36.0, 15321.0)	(37.0, 22396.0)		
sample12843_S58_L001_R1_001	(27.0, 1.0)	(28.0, 3.0)	(29.0, 14.0)	(30.0, 51.0)	(31.0, 211.0)	(32.0, 487.0)	(33.0, 1087.0)	(34.0, 1811.0)	(35.0, 3130.0)	(36.0, 5996.0)	(37.0, 22749.0)		
sample12843_S58_L001_R2_001	(27.0, 7.0)	(28.0, 45.0)	(29.0, 162.0)	(30.0, 365.0)	(31.0, 780.0)	(32.0, 1521.0)	(33.0, 2512.0)	(34.0, 3880.0)	(35.0, 5740.0)	(36.0, 9357.0)	(37.0, 11171.0)		
sample12844_S59_L001_R1_001	(28.0, 4.0)	(29.0, 27.0)	(30.0, 85.0)	(31.0, 260.0)	(32.0, 598.0)	(33.0, 1308.0)	(34.0, 2470.0)	(35.0, 4264.0)	(36.0, 8029.0)	(37.0, 30419.0)			
sample12844_S59_L001_R2_001	(26.0, 3.0)	(27.0, 12.0)	(28.0, 60.0)	(29.0, 169.0)	(30.0, 501.0)	(31.0, 1079.0)	(32.0, 1929.0)	(33.0, 3372.0)	(34.0, 5499.0)	(35.0, 7958.0)	(36.0, 13136.0)	(37.0, 13746.0)	
sample12973_S188_L001_R1_001	(30.0, 1.0)	(31.0, 4.0)	(32.0, 5.0)	(33.0, 18.0)	(34.0, 47.0)	(35.0, 65.0)	(36.0, 102.0)	(37.0, 316.0)					
sample12973_S188_L001_R2_001	(29.0, 1.0)	(30.0, 1.0)	(31.0, 10.0)	(32.0, 17.0)	(33.0, 23.0)	(34.0, 62.0)	(35.0, 81.0)	(36.0, 128.0)	(37.0, 235.0)				
sample12974_S189_L001_R1_001	(30.0, 1.0)	(31.0, 4.0)	(32.0, 13.0)	(33.0, 28.0)	(34.0, 45.0)	(35.0, 93.0)	(36.0, 125.0)	(37.0, 454.0)					
sample12974_S189_L001_R2_001	(30.0, 1.0)	(31.0, 13.0)	(32.0, 16.0)	(33.0, 44.0)	(34.0, 80.0)	(35.0, 118.0)	(36.0, 197.0)	(37.0, 294.0)					
sample12975_S190_L001_R1_001	(29.0, 2.0)	(30.0, 0.0)	(31.0, 10.0)	(32.0, 21.0)	(33.0, 34.0)	(34.0, 57.0)	(35.0, 118.0)	(36.0, 197.0)	(37.0, 775.0)				
sample12975_S190_L001_R2_001	(28.0, 2.0)	(29.0, 3.0)	(30.0, 8.0)	(31.0, 19.0)	(32.0, 33.0)	(33.0, 51.0)	(34.0, 121.0)	(35.0, 185.0)	(36.0, 314.0)	(37.0, 478.0)			
sample13079_S41_L001_R1_001	(28.0, 4.0)	(29.0, 35.0)	(30.0, 171.0)	(31.0, 501.0)	(32.0, 1335.0)	(33.0, 2910.0)	(34.0, 5464.0)	(35.0, 9483.0)	(36.0, 16651.0)	(37.0, 70472.0)			
sample13079_S41_L001_R2_001	(25.0, 3.0)	(26.0, 9.0)	(27.0, 37.0)	(28.0, 168.0)	(29.0, 465.0)	(30.0, 1147.0)	(31.0, 2073.0)	(32.0, 3772.0)	(33.0, 6018.0)	(34.0, 9374.0)	(35.0, 15376.0)	(36.0, 29783.0)	(37.0, 38801.0)
sample13080_S42_L001_R1_001	(27.0, 1.0)	(28.0, 6.0)	(29.0, 56.0)	(30.0, 216.0)	(31.0, 712.0)	(32.0, 1747.0)	(33.0, 3847.0)	(34.0, 7681.0)	(35.0, 12955.0)	(36.0, 22332.0)	(37.0, 97706.0)		
sample13080_S42_L001_R2_001	(25.0, 1.0)	(26.0, 7.0)	(27.0, 49.0)	(28.0, 204.0)	(29.0, 583.0)	(30.0, 1275.0)	(31.0, 2784.0)	(32.0, 4907.0)	(33.0, 8175.0)	(34.0, 13196.0)	(35.0, 21409.0)	(36.0, 40713.0)	(37.0, 53956.0)
sample13081_S43_L001_R1_001	(28.0, 8.0)	(29.0, 23.0)	(30.0, 119.0)	(31.0, 372.0)	(32.0, 995.0)	(33.0, 2273.0)	(34.0, 4486.0)	(35.0, 7706.0)	(36.0, 13568.0)	(37.0, 60369.0)			
sample13081_S43_L001_R2_001	(26.0, 2.0)	(27.0, 25.0)	(28.0, 89.0)	(29.0, 258.0)	(30.0, 761.0)	(31.0, 1466.0)	(32.0, 2829.0)	(33.0, 4864.0)	(34.0, 7907.0)	(35.0, 13112.0)	(36.0, 24633.0)	(37.0, 33973.0)	
sample13082_S44_L001_R1_001	(27.0, 1.0)	(28.0, 4.0)	(29.0, 28.0)	(30.0, 130.0)	(31.0, 421.0)	(32.0, 981.0)	(33.0, 2291.0)	(34.0, 4673.0)	(35.0, 8120.0)	(36.0, 15035.0)	(37.0, 67204.0)		
sample13082_S44_L001_R2_001	(26.0, 5.0)	(27.0, 28.0)	(28.0, 122.0)	(29.0, 328.0)	(30.0, 824.0)	(31.0, 1800.0)	(32.0, 3360.0)	(33.0, 5536.0)	(34.0, 8835.0)	(35.0, 14506.0)	(36.0, 27273.0)	(37.0, 36271.0)	
sample13083_S45_L001_R1_001	(28.0, 9.0)	(29.0, 36.0)	(30.0, 177.0)	(31.0, 543.0)	(32.0, 1392.0)	(33.0, 3115.0)	(34.0, 6081.0)	(35.0, 10501.0)	(36.0, 18553.0)	(37.0, 81940.0)			
sample13083_S45_L001_R2_001	(26.0, 4.0)	(27.0, 30.0)	(28.0, 114.0)	(29.0, 403.0)	(30.0, 956.0)	(31.0, 1978.0)	(32.0, 3836.0)	(33.0, 6640.0)	(34.0, 10625.0)	(35.0, 17650.0)	(36.0, 33636.0)	(37.0, 46475.0)	
sample13084_S46_L001_R1_001	(27.0, 3.0)	(28.0, 11.0)	(29.0, 29.0)	(30.0, 129.0)	(31.0, 412.0)	(32.0, 1112.0)	(33.0, 2615.0)	(34.0, 4914.0)	(35.0, 8771.0)	(36.0, 16181.0)	(37.0, 74727.0)		
sample13084_S46_L001_R2_001	(26.0, 3.0)	(27.0, 32.0)	(28.0, 153.0)	(29.0, 414.0)	(30.0, 1036.0)	(31.0, 2189.0)	(32.0, 3906.0)	(33.0, 6363.0)	(34.0, 10086.0)	(35.0, 16479.0)	(36.0, 30858.0)	(37.0, 37385.0)	
sample13085_S47_L001_R1_001	(28.0, 5.0)	(29.0, 40.0)	(30.0, 155.0)	(31.0, 449.0)	(32.0, 1197.0)	(33.0, 2611.0)	(34.0, 5035.0)	(35.0, 8906.0)	(36.0, 16066.0)	(37.0, 67908.0)			
sample13085_S47_L001_R2_001	(25.0, 1.0)	(26.0, 2.0)	(27.0, 29.0)	(28.0, 128.0)	(29.0, 382.0)	(30.0, 839.0)	(31.0, 1744.0)	(32.0, 3277.0)	(33.0, 5257.0)	(34.0, 8472.0)	(35.0, 13731.0)	(36.0, 27677.0)	(37.0, 40833.0)
sample13086_S48_L001_R1_001	(27.0, 1.0)	(28.0, 8.0)	(29.0, 31.0)	(30.0, 135.0)	(31.0, 436.0)	(32.0, 1219.0)	(33.0, 2704.0)	(34.0, 5037.0)	(35.0, 8704.0)	(36.0, 15397.0)	(37.0, 68195.0)		
sample13086_S48_L001_R2_001	(26.0, 4.0)	(27.0, 33.0)	(28.0, 127.0)	(29.0, 430.0)	(30.0, 959.0)	(31.0, 1876.0)	(32.0, 3370.0)	(33.0, 5458.0)	(34.0, 8896.0)	(35.0, 14449.0)	(36.0, 27902.0)	(37.0, 38363.0)	
sample13087_S49_L001_R1_001	(28.0, 10.0)	(29.0, 60.0)	(30.0, 266.0)	(31.0, 871.0)	(32.0, 2235.0)	(33.0, 4530.0)	(34.0, 7997.0)	(35.0, 13255.0)	(36.0, 22068.0)	(37.0, 81608.0)			
sample13087_S49_L001_R2_001	(26.0, 7.0)	(27.0, 27.0)	(28.0, 119.0)	(29.0, 351.0)	(30.0, 902.0)	(31.0, 1993.0)	(32.0, 3816.0)	(33.0, 6927.0)	(34.0, 11886.0)	(35.0, 19924.0)	(36.0, 38561.0)	(37.0, 48387.0)	
sample13088_S50_L001_R1_001	(27.0, 1.0)	(28.0, 10.0)	(29.0, 70.0)	(30.0, 241.0)	(31.0, 718.0)	(32.0, 1896.0)	(33.0, 3790.0)	(34.0, 6659.0)	(35.0, 10855.0)	(36.0, 18654.0)	(37.0, 70053.0)		
sample13088_S50_L001_R2_001	(25.0, 2.0)	(26.0, 2.0)	(27.0, 26.0)	(28.0, 120.0)	(29.0, 313.0)	(30.0, 811.0)	(31.0, 1841.0)	(32.0, 3516.0)	(33.0, 6086.0)	(34.0, 9730.0)	(35.0, 16522.0)	(36.0, 31812.0)	(37.0, 42166.0)
sample13225_S41_L001_R1_001	(28.0, 4.0)	(29.0, 22.0)	(30.0, 61.0)	(31.0, 327.0)	(32.0, 805.0)	(33.0, 1765.0)	(34.0, 3850.0)	(35.0, 6498.0)	(36.0, 11247.0)	(37.0, 57923.0)			
sample13225_S41_L001_R2_001	(26.0, 6.0)	(27.0, 24.0)	(28.0, 101.0)	(29.0, 217.0)	(30.0, 428.0)	(31.0, 915.0)	(32.0, 1755.0)	(33.0, 3203.0)	(34.0, 5875.0)	(35.0, 9948.0)	(36.0, 19933.0)	(37.0, 40097.0)	
sample13226_S42_L001_R1_001	(28.0, 9.0)	(29.0, 38.0)	(30.0, 147.0)	(31.0, 513.0)	(32.0, 1429.0)	(33.0, 3359.0)	(34.0, 6833.0)	(35.0, 11438.0)	(36.0, 19648.0)	(37.0, 102793.0)			
sample13226_S42_L001_R2_001	(26.0, 7.0)	(27.0, 32.0)	(28.0, 111.0)	(29.0, 289.0)	(30.0, 648.0)	(31.0, 1263.0)	(32.0, 2700.0)	(33.0, 5332.0)	(34.0, 9754.0)	(35.0, 16531.0)	(36.0, 32880.0)	(37.0, 76660.0)	
sample13227_S43_L001_R1_001	(26.0, 1.0)	(27.0, 2.0)	(28.0, 14.0)	(29.0, 110.0)	(30.0, 409.0)	(31.0, 1385.0)	(32.0, 3812.0)	(33.0, 9088.0)	(34.0, 18004.0)	(35.0, 30120.0)	(36.0, 49887.0)	(37.0, 266479.0)	
sample13227_S43_L001_R2_001	(26.0, 18.0)	(27.0, 54.0)	(28.0, 209.0)	(29.0, 588.0)	(30.0, 1411.0)	(31.0, 3166.0)	(32.0, 6573.0)	(33.0, 12913.0)	(34.0, 24028.0)	(35.0, 42478.0)	(36.0, 86149.0)	(37.0, 201724.0)	
sample13228_S44_L001_R1_001	(27.0, 2.0)	(28.0, 5.0)	(29.0, 30.0)	(30.0, 158.0)	(31.0, 445.0)	(32.0, 1279.0)	(33.0, 3155.0)	(34.0, 6470.0)	(35.0, 10582.0)	(36.0, 18308.0)	(37.0, 106275.0)		
sample13228_S44_L001_R2_001	(25.0, 1.0)	(26.0, 8.0)	(27.0, 21.0)	(28.0, 70.0)	(29.0, 222.0)	(30.0, 491.0)	(31.0, 1120.0)	(32.0, 2438.0)	(33.0, 4759.0)	(34.0, 8800.0)	(35.0, 15388.0)	(36.0, 30784.0)	(37.0, 82607.0)
sample13229_S45_L001_R1_001	(27.0, 2.0)	(28.0, 16.0)	(29.0, 64.0)	(30.0, 286.0)	(31.0, 865.0)	(32.0, 2269.0)	(33.0, 5338.0)	(34.0, 9991.0)	(35.0, 16418.0)	(36.0, 27097.0)	(37.0, 147936.0)		
sample13229_S45_L001_R2_001	(26.0, 2.0)	(27.0, 43.0)	(28.0, 118.0)	(29.0, 306.0)	(30.0, 738.0)	(31.0, 1545.0)	(32.0, 3049.0)	(33.0, 6387.0)	(34.0, 11826.0)	(35.0, 21009.0)	(36.0, 42187.0)	(37.0, 123072.0)	
sample13230_S46_L001_R1_001	(27.0, 1.0)	(28.0, 1.0)	(29.0, 15.0)	(30.0, 61.0)	(31.0, 202.0)	(32.0, 573.0)	(33.0, 1312.0)	(34.0, 2706.0)	(35.0, 4674.0)	(36.0, 8529.0)	(37.0, 50194.0)		
sample13230_S46_L001_R2_001	(26.0, 2.0)	(27.0, 15.0)	(28.0, 47.0)	(29.0, 136.0)	(30.0, 360.0)	(31.0, 739.0)	(32.0, 1514.0)	(33.0, 2702.0)	(34.0, 4823.0)	(35.0, 7988.0)	(36.0, 15939.0)	(37.0, 34003.0)	
sample13231_S47_L001_R1_001	(28.0, 3.0)	(29.0, 30.0)	(30.0, 116.0)	(31.0, 370.0)	(32.0, 970.0)	(33.0, 2112.0)	(34.0, 4150.0)	(35.0, 6759.0)	(36.0, 11248.0)	(37.0, 67967.0)			
sample13231_S47_L001_R2_001	(26.0, 4.0)	(27.0, 12.0)	(28.0, 68.0)	(29.0, 155.0)	(30.0, 295.0)	(31.0, 715.0)	(32.0, 1369.0)	(33.0, 2708.0)	(34.0, 5003.0)	(35.0, 8922.0)	(36.0, 18367.0)	(37.0, 56107.0)	
sample13232_S48_L001_R1_001	(26.0, 1.0)	(27.0, 2.0)	(28.0, 7.0)	(29.0, 54.0)	(30.0, 284.0)	(31.0, 825.0)	(32.0, 2222.0)	(33.0, 5389.0)	(34.0, 10501.0)	(35.0, 17427.0)	(36.0, 29331.0)	(37.0, 149621.0)	
sample13232_S48_L001_R2_001	(25.0, 1.0)	(26.0, 8.0)	(27.0, 44.0)	(28.0, 149.0)	(29.0, 467.0)	(30.0, 964.0)	(31.0, 1976.0)	(32.0, 3816.0)	(33.0, 7284.0)	(34.0, 13859.0)	(35.0, 24430.0)	(36.0, 47810.0)	(37.0, 114856.0)
sample13233_S49_L001_R1_001	(26.0, 1.0)	(27.0, 2.0)	(28.0, 47.0)	(29.0, 221.0)	(30.0, 919.0)	(31.0, 3061.0)	(32.0, 8151.0)	(33.0, 18567.0)	(34.0, 35239.0)	(35.0, 56384.0)	(36.0, 93247.0)	(37.0, 486566.0)	
sample13233_S49_L001_R2_001	(25.0, 1.0)	(26.0, 10.0)	(27.0, 70.0)	(28.0, 257.0)	(29.0, 643.0)	(30.0, 1649.0)	(31.0, 3738.0)	(32.0, 8650.0)	(33.0, 19661.0)	(34.0, 39090.0)	(35.0, 71861.0)	(36.0, 148285.0)	(37.0, 408490.0)
sample13234_S50_L001_R1_001	(29.0, 6.0)	(30.0, 25.0)	(31.0, 111.0)	(32.0, 269.0)	(33.0, 707.0)	(34.0, 1266.0)	(35.0, 2083.0)	(36.0, 3473.0)	(37.0, 18243.0)				
sample13234_S50_L001_R2_001	(27.0, 6.0)	(28.0, 15.0)	(29.0, 33.0)	(30.0, 102.0)	(31.0, 200.0)	(32.0, 456.0)	(33.0, 863.0)	(34.0, 1619.0)	(35.0, 2742.0)	(36.0, 5776.0)	(37.0, 14371.0)		
